#************************************************************
# Scenario of Ikea
#
# date : Wed Dec  2 15:01:55 2009
#************************************************************

p3d_sel_desc_name P3D_ENV Ikea



p3d_sel_desc_name P3D_ROBOT HUMAN

p3d_set_robot_steering_method Linear

p3d_set_robot_current 0.000000 0.000000 0.000000 0.000000 0.000000 0.000000 0.943953 -2.359882 0.697738 1.769915 0.000000 152.212402 0.000000 -3.539824 0.884957 0.884957 -9.734514 2.654872 1.769915 40.707962 15.929199 13.274338 -41.592918 -9.734514 -47.787609 36.661751 -12.389381 36.283184 -0.653887 -55.752213 0.000000 0.000000 105.973450 0.000000 0.000000 95.648972 -5.113079 -7.962143 -12.389381 -3.834807 -67.991638 3.539819 0.884957 -1.769909 70.796471 0.884957 1.769915 70.796471 7.079648 0.000000 -61.061943 -3.539824 0.000000 -59.292034 0.000000 0.000000 0.000000 0.000000 0.000000 0.000000 0.000000 0.000000 0.000000 0.000000 0.000000 0.000000 0.400000 -0.412979 1.300000 -15.929199 3.539829 0.000000 0.000000 0.000000
p3d_set_robot_goto 0.000000 0.000000 0.000000 0.000000 0.000000 0.000000 0.943953 -2.359882 0.697738 1.769915 0.000000 -162.831863 0.000000 -3.539824 0.884957 0.884957 -9.734514 2.654872 1.769915 40.707962 15.929199 13.274338 -41.592918 -9.734514 -26.548672 36.661751 -12.389381 36.283184 -0.653887 -55.752213 0.000000 0.000000 105.973450 0.000000 0.000000 95.648972 -5.113079 -7.962143 -12.389381 -3.834807 -67.991638 3.539819 0.884957 -1.769909 70.796471 0.884957 1.769915 70.796471 7.079648 0.000000 -61.061943 -3.539824 0.000000 -59.292034 0.000000 0.000000 0.000000 0.000000 0.000000 0.000000 0.000000 0.000000 0.000000 0.000000 0.000000 0.000000 0.400000 -0.412979 1.300000 -15.929199 3.539829 0.000000 0.000000 0.000000




p3d_sel_desc_name P3D_ROBOT FF_ROBOT

p3d_set_robot_steering_method Linear

p3d_set_robot_current 0.000000 0.000000 0.000000 0.000000 0.000000 0.000000 0.058997 -2.477876 1.175516 0.000000 -3.539824 -90.000000
p3d_set_robot_goto 0.000000 0.000000 0.000000 0.000000 0.000000 0.000000 3.185841 -1.002950 1.411505 0.000000 0.000000 0.000000




p3d_sel_desc_name P3D_ROBOT Lampe

p3d_set_robot_steering_method Linear

p3d_set_robot_current 0.000000 0.000000 0.000000 0.000000 0.000000 0.000000 0.393314 -1.573255 0.762537 0.000000 0.000000 0.000000
p3d_set_robot_goto 0.000000 0.000000 0.000000 0.000000 0.000000 0.000000 0.000000 0.000000 0.000000 0.000000 0.000000 0.000000




p3d_sel_desc_name P3D_ROBOT Assiette

p3d_set_robot_steering_method Linear

p3d_set_robot_current 0.000000 0.000000 0.000000 0.000000 0.000000 0.000000 0.884956 -1.179941 0.787611 0.000000 0.000000 0.000000
p3d_set_robot_goto 0.000000 0.000000 0.000000 0.000000 0.000000 0.000000 0.000000 0.000000 0.000000 0.000000 0.000000 0.000000




p3d_sel_desc_name P3D_ROBOT Pommes

p3d_set_robot_steering_method Linear

p3d_set_robot_current 0.000000 0.000000 0.000000 0.000000 0.000000 0.000000 0.884956 -1.917404 0.998525 0.000000 0.000000 0.000000
p3d_set_robot_goto 0.000000 0.000000 0.000000 0.000000 0.000000 0.000000 0.000000 0.000000 0.000000 0.000000 0.000000 0.000000




p3d_sel_desc_name P3D_ROBOT Verre

p3d_set_robot_steering_method Linear

p3d_set_robot_current 0.000000 0.000000 0.000000 0.000000 0.000000 0.000000 0.884956 -1.573254 0.817109 0.000000 0.000000 0.000000
p3d_set_robot_goto 0.000000 0.000000 0.000000 0.000000 0.000000 0.000000 0.000000 0.000000 0.000000 0.000000 0.000000 0.000000


