p3d_env TableManipBiGraph 
p3d_robot justin 

p3d_nnodes 82 

p3d_nbq 0 
p3d_nbq_free 0 
p3d_time 52.290000 
p3d_local_call 0 
p3d_test_coll 0 
p3d_HHCount 0 


p3d_comp 1 

  p3d_node 82 
    n_fail_extend 0
    weight 0.000000
    p3d_q 0.000000  0.000000  0.000000  0.000000  0.000000  0.000000  0.000000  0.000000  0.000000  0.000000  0.000000  0.000000  90.265488  -92.035400  -55.162239  90.855461  -78.564400  -19.373156  87.477875  56.833824  -103.834808  -63.520157  89.675514  -122.025566  -4.623896  77.743370 
    p3d_neighb 2  69  70 
    p3d_nedge 2 
      p3d_edge 82 69 Linear 1315.395648
      p3d_edge 82 70 Linear 1341.980634
  p3d_end_node 

  p3d_node 81 
    n_fail_extend 0
    weight 0.000000
    p3d_q 0.000000  0.000000  0.000000  0.000000  0.000000  0.000000  -8.387401  -62.589265  62.589265  0.000000  -18.882000  -47.768380  90.265488  -92.035400  -55.162239  90.855461  -78.564400  -19.373156  87.477875  129.793225  -21.640488  -30.492894  80.928041  -80.603838  79.352695  118.355550 
    p3d_neighb 3  78  79  80 
    p3d_nedge 3 
      p3d_edge 81 78 Linear 816.563883
      p3d_edge 81 79 Linear 614.815125
      p3d_edge 81 80 Linear 643.677734
  p3d_end_node 

  p3d_node 80 
    n_fail_extend 0
    weight 0.000000
    p3d_q 0.000000  0.000000  0.000000  0.000000  0.000000  0.000000  0.000000  0.000000  0.000000  0.000000  0.000000  0.000000  90.265488  -92.035400  -55.162239  90.855461  -78.564400  -19.373156  87.477875  129.793225  -21.640488  -30.492894  80.928041  -80.603838  79.352695  118.355550 
    p3d_neighb 5  65  67  70  78  81 
    p3d_nedge 5 
      p3d_edge 80 65 Linear 1328.416480
      p3d_edge 80 67 Linear 1229.729561
      p3d_edge 80 70 Linear 1372.925168
      p3d_edge 80 78 Linear 502.449549
      p3d_edge 80 81 Linear 643.677734
  p3d_end_node 

  p3d_node 79 
    n_fail_extend 0
    weight 0.000000
    p3d_q 0.000000  0.000000  0.000000  0.000000  0.000000  0.000000  69.891649  -70.254330  70.254330  0.000000  -26.652953  -4.093090  90.265488  -92.035400  -55.162239  90.855461  -78.564400  -19.373156  87.477875  71.786110  -0.934259  61.437733  91.322493  -140.059671  65.677080  41.766572 
    p3d_neighb 3  66  77  81 
    p3d_nedge 3 
      p3d_edge 79 66 Linear 923.841404
      p3d_edge 79 77 Linear 1008.109332
      p3d_edge 79 81 Linear 614.815125
  p3d_end_node 

  p3d_node 78 
    n_fail_extend 0
    weight 0.000000
    p3d_q 0.000000  0.000000  0.000000  0.000000  0.000000  0.000000  0.000000  0.000000  0.000000  0.000000  0.000000  0.000000  90.265488  -92.035400  -55.162239  90.855461  -78.564400  -19.373156  87.477875  71.786110  -0.934259  61.437733  91.322493  -140.059671  65.677080  41.766572 
    p3d_neighb 7  63  64  65  67  76  80  81 
    p3d_nedge 7 
      p3d_edge 78 63 Linear 1558.917700
      p3d_edge 78 64 Linear 1553.817120
      p3d_edge 78 65 Linear 1229.729561
      p3d_edge 78 67 Linear 1328.416480
      p3d_edge 78 76 Linear 958.117738
      p3d_edge 78 80 Linear 502.449549
      p3d_edge 78 81 Linear 816.563883
  p3d_end_node 

  p3d_node 77 
    n_fail_extend 0
    weight 0.000000
    p3d_q 0.000000  0.000000  0.000000  0.000000  0.000000  0.000000  59.707579  -70.484694  73.031779  -2.547085  31.721067  -75.764704  90.265488  -92.035400  -55.162239  90.855461  -78.564400  -19.373156  87.477875  -64.333676  -60.054518  16.526980  -94.989879  -56.472392  59.398692  92.818743 
    p3d_neighb 2  75  79 
    p3d_nedge 2 
      p3d_edge 77 75 Linear 643.103389
      p3d_edge 77 79 Linear 1008.109332
  p3d_end_node 

  p3d_node 76 
    n_fail_extend 0
    weight 0.000000
    p3d_q 0.000000  0.000000  0.000000  0.000000  0.000000  0.000000  0.000000  0.000000  0.000000  0.000000  0.000000  0.000000  90.265488  -92.035400  -55.162239  90.855461  -78.564400  -19.373156  87.477875  -64.333676  -60.054518  16.526980  -94.989879  -56.472392  59.398692  92.818743 
    p3d_neighb 7  61  63  64  65  74  75  78 
    p3d_nedge 7 
      p3d_edge 76 61 Linear 1343.648295
      p3d_edge 76 63 Linear 1229.729561
      p3d_edge 76 64 Linear 1223.257145
      p3d_edge 76 65 Linear 1558.917700
      p3d_edge 76 74 Linear 541.438775
      p3d_edge 76 75 Linear 969.206318
      p3d_edge 76 78 Linear 958.117738
  p3d_end_node 

  p3d_node 75 
    n_fail_extend 0
    weight 0.000000
    p3d_q 0.000000  0.000000  0.000000  0.000000  0.000000  0.000000  -4.874090  -66.113642  91.302265  -25.188624  -54.290170  -38.578368  90.265488  -92.035400  -55.162239  90.855461  -78.564400  -19.373156  87.477875  -54.943835  -25.615277  -44.964939  -51.597069  34.386450  -33.733994  22.268647 
    p3d_neighb 4  73  74  76  77 
    p3d_nedge 4 
      p3d_edge 75 73 Linear 1329.348721
      p3d_edge 75 74 Linear 803.868732
      p3d_edge 75 76 Linear 969.206318
      p3d_edge 75 77 Linear 643.103389
  p3d_end_node 

  p3d_node 74 
    n_fail_extend 0
    weight 0.000000
    p3d_q 0.000000  0.000000  0.000000  0.000000  0.000000  0.000000  0.000000  0.000000  0.000000  0.000000  0.000000  0.000000  90.265488  -92.035400  -55.162239  90.855461  -78.564400  -19.373156  87.477875  -54.943835  -25.615277  -44.964939  -51.597069  34.386450  -33.733994  22.268647 
    p3d_neighb 7  60  61  63  64  73  75  76 
    p3d_nedge 7 
      p3d_edge 74 60 Linear 1622.713122
      p3d_edge 74 61 Linear 1229.729561
      p3d_edge 74 63 Linear 1343.648295
      p3d_edge 74 64 Linear 1337.727174
      p3d_edge 74 73 Linear 1058.755440
      p3d_edge 74 75 Linear 803.868732
      p3d_edge 74 76 Linear 541.438775
  p3d_end_node 

  p3d_node 73 
    n_fail_extend 0
    weight 0.000000
    p3d_q 0.000000  0.000000  0.000000  0.000000  0.000000  0.000000  0.000000  0.000000  0.000000  0.000000  0.000000  0.000000  90.265488  -92.035400  -55.162239  90.855461  -78.564400  -19.373156  87.477875  132.621267  -1.815674  159.190379  -38.493896  98.714530  59.441775  123.952084 
    p3d_neighb 5  60  61  72  74  75 
    p3d_nedge 5 
      p3d_edge 73 60 Linear 1229.729561
      p3d_edge 73 61 Linear 1622.713122
      p3d_edge 73 72 Linear 1011.561166
      p3d_edge 73 74 Linear 1058.755440
      p3d_edge 73 75 Linear 1329.348721
  p3d_end_node 

  p3d_node 72 
    n_fail_extend 0
    weight 0.000000
    p3d_q 0.000000  0.000000  0.000000  0.000000  0.000000  0.000000  0.000000  0.000000  0.000000  0.000000  0.000000  0.000000  90.265488  -92.035400  -55.162239  90.855461  -78.564400  -19.373156  87.477875  30.088488  -84.955750  -11.701082  70.796455  36.774834  0.000000  0.000000 
    p3d_neighb 2  60  73 
    p3d_nedge 2 
      p3d_edge 72 60 Linear 1592.322450
      p3d_edge 72 73 Linear 1011.561166
  p3d_end_node 

  p3d_node 71 
    n_fail_extend 0
    weight 0.000000
    p3d_q 0.000000  0.000000  0.000000  0.000000  0.000000  0.000000  0.000000  0.000000  0.000000  0.000000  0.000000  0.000000  140.728250  -87.965923  -89.153868  -62.063436  106.150802  -37.413090  65.877699  56.833824  -103.834808  -63.520157  89.675514  -122.025566  -4.623896  77.743370 
    p3d_neighb 4  57  58  69  70 
    p3d_nedge 4 
      p3d_edge 71 57 Linear 1018.534390
      p3d_edge 71 58 Linear 299.972033
      p3d_edge 71 69 Linear 936.366794
      p3d_edge 71 70 Linear 973.359688
  p3d_end_node 

  p3d_node 70 
    n_fail_extend 0
    weight 0.000000
    p3d_q 0.000000  0.000000  0.000000  0.000000  0.000000  0.000000  41.757412  -80.339958  80.339958  0.000000  34.777518  -71.037574  140.728250  -87.965923  -89.153868  -62.063436  106.150802  -37.413090  65.877699  153.645655  -67.793652  -143.636669  113.259020  -104.874881  -0.027725  111.120842 
    p3d_neighb 11  54  55  56  57  58  67  68  69  71  80  82 
    p3d_nedge 11 
      p3d_edge 70 54 Linear 654.385558
      p3d_edge 70 55 Linear 689.173833
      p3d_edge 70 56 Linear 355.215489
      p3d_edge 70 57 Linear 299.972033
      p3d_edge 70 58 Linear 1018.534390
      p3d_edge 70 67 Linear 556.000293
      p3d_edge 70 68 Linear 620.465432
      p3d_edge 70 69 Linear 84.225358
      p3d_edge 70 71 Linear 973.359688
      p3d_edge 70 80 Linear 1372.925168
      p3d_edge 70 82 Linear 1341.980634
  p3d_end_node 

  p3d_node 69 
    n_fail_extend 0
    weight 0.000000
    p3d_q 0.000000  0.000000  0.000000  0.000000  0.000000  0.000000  32.439733  -78.829058  78.829058  0.000000  15.606829  -54.504139  140.728250  -87.965923  -89.153868  -62.063436  106.150802  -37.413090  65.877699  153.645655  -67.793652  -143.636669  113.259020  -104.874881  -0.027725  111.120842 
    p3d_neighb 10  54  55  56  57  58  67  68  70  71  82 
    p3d_nedge 10 
      p3d_edge 69 54 Linear 650.360275
      p3d_edge 69 55 Linear 667.052548
      p3d_edge 69 56 Linear 347.744263
      p3d_edge 69 57 Linear 311.572032
      p3d_edge 69 58 Linear 983.242591
      p3d_edge 69 67 Linear 549.583856
      p3d_edge 69 68 Linear 595.798524
      p3d_edge 69 70 Linear 84.225358
      p3d_edge 69 71 Linear 936.366794
      p3d_edge 69 82 Linear 1315.395648
  p3d_end_node 

  p3d_node 68 
    n_fail_extend 0
    weight 0.000000
    p3d_q 0.000000  0.000000  0.000000  0.000000  0.000000  0.000000  -8.387401  -62.589265  62.589265  0.000000  -18.882000  -47.768380  140.728250  -87.965923  -89.153868  -62.063436  106.150802  -37.413090  65.877699  129.793225  -21.640488  -30.492894  80.928041  -80.603838  79.352695  118.355550 
    p3d_neighb 7  55  57  65  66  67  69  70 
    p3d_nedge 7 
      p3d_edge 68 55 Linear 299.972033
      p3d_edge 68 57 Linear 689.173833
      p3d_edge 68 65 Linear 552.620137
      p3d_edge 68 66 Linear 614.815125
      p3d_edge 68 67 Linear 230.072742
      p3d_edge 68 69 Linear 595.798524
      p3d_edge 68 70 Linear 620.465432
  p3d_end_node 

  p3d_node 67 
    n_fail_extend 0
    weight 0.000000
    p3d_q 0.000000  0.000000  0.000000  0.000000  0.000000  0.000000  32.439733  -78.829058  78.829058  0.000000  15.606829  -54.504139  140.728250  -87.965923  -89.153868  -62.063436  106.150802  -37.413090  65.877699  129.793225  -21.640488  -30.492894  80.928041  -80.603838  79.352695  118.355550 
    p3d_neighb 13  52  53  54  55  56  57  65  66  68  69  70  78  80 
    p3d_nedge 13 
      p3d_edge 67 52 Linear 611.049606
      p3d_edge 67 53 Linear 646.094229
      p3d_edge 67 54 Linear 347.744263
      p3d_edge 67 55 Linear 378.043234
      p3d_edge 67 56 Linear 650.360275
      p3d_edge 67 57 Linear 631.759089
      p3d_edge 67 65 Linear 502.449549
      p3d_edge 67 66 Linear 572.236430
      p3d_edge 67 68 Linear 230.072742
      p3d_edge 67 69 Linear 549.583856
      p3d_edge 67 70 Linear 556.000293
      p3d_edge 67 78 Linear 1328.416480
      p3d_edge 67 80 Linear 1229.729561
  p3d_end_node 

  p3d_node 66 
    n_fail_extend 0
    weight 0.000000
    p3d_q 0.000000  0.000000  0.000000  0.000000  0.000000  0.000000  69.891649  -70.254330  70.254330  0.000000  -26.652953  -4.093090  140.728250  -87.965923  -89.153868  -62.063436  106.150802  -37.413090  65.877699  71.786110  -0.934259  61.437733  91.322493  -140.059671  65.677080  41.766572 
    p3d_neighb 11  51  52  53  54  55  63  64  65  67  68  79 
    p3d_nedge 11 
      p3d_edge 66 51 Linear 1022.644253
      p3d_edge 66 52 Linear 357.507578
      p3d_edge 66 53 Linear 299.972033
      p3d_edge 66 54 Linear 616.658104
      p3d_edge 66 55 Linear 684.091264
      p3d_edge 66 63 Linear 996.488125
      p3d_edge 66 64 Linear 1008.109332
      p3d_edge 66 65 Linear 273.859421
      p3d_edge 66 67 Linear 572.236430
      p3d_edge 66 68 Linear 614.815125
      p3d_edge 66 79 Linear 923.841404
  p3d_end_node 

  p3d_node 65 
    n_fail_extend 0
    weight 0.000000
    p3d_q 0.000000  0.000000  0.000000  0.000000  0.000000  0.000000  32.439733  -78.829058  78.829058  0.000000  15.606829  -54.504139  140.728250  -87.965923  -89.153868  -62.063436  106.150802  -37.413090  65.877699  71.786110  -0.934259  61.437733  91.322493  -140.059671  65.677080  41.766572 
    p3d_neighb 13  51  52  53  54  55  63  64  66  67  68  76  78  80 
    p3d_nedge 13 
      p3d_edge 65 51 Linear 1019.272129
      p3d_edge 65 52 Linear 347.744263
      p3d_edge 65 53 Linear 406.180013
      p3d_edge 65 54 Linear 611.049606
      p3d_edge 65 55 Linear 628.786320
      p3d_edge 65 63 Linear 958.117738
      p3d_edge 65 64 Linear 970.481709
      p3d_edge 65 66 Linear 273.859421
      p3d_edge 65 67 Linear 502.449549
      p3d_edge 65 68 Linear 552.620137
      p3d_edge 65 76 Linear 1558.917700
      p3d_edge 65 78 Linear 1229.729561
      p3d_edge 65 80 Linear 1328.416480
  p3d_end_node 

  p3d_node 64 
    n_fail_extend 0
    weight 0.000000
    p3d_q 0.000000  0.000000  0.000000  0.000000  0.000000  0.000000  59.707579  -70.484694  73.031779  -2.547085  31.721067  -75.764704  140.728250  -87.965923  -89.153868  -62.063436  106.150802  -37.413090  65.877699  -64.333676  -60.054518  16.526980  -94.989879  -56.472392  59.398692  92.818743 
    p3d_neighb 13  49  50  51  52  53  61  62  63  65  66  74  76  78 
    p3d_nedge 13 
      p3d_edge 64 49 Linear 633.520065
      p3d_edge 64 50 Linear 709.623273
      p3d_edge 64 51 Linear 328.925105
      p3d_edge 64 52 Linear 1013.006083
      p3d_edge 64 53 Linear 1051.792586
      p3d_edge 64 61 Linear 563.028502
      p3d_edge 64 62 Linear 643.103389
      p3d_edge 64 63 Linear 154.418738
      p3d_edge 64 65 Linear 970.481709
      p3d_edge 64 66 Linear 1008.109332
      p3d_edge 64 74 Linear 1337.727174
      p3d_edge 64 76 Linear 1223.257145
      p3d_edge 64 78 Linear 1553.817120
  p3d_end_node 

  p3d_node 63 
    n_fail_extend 0
    weight 0.000000
    p3d_q 0.000000  0.000000  0.000000  0.000000  0.000000  0.000000  32.439733  -78.829058  78.829058  0.000000  15.606829  -54.504139  140.728250  -87.965923  -89.153868  -62.063436  106.150802  -37.413090  65.877699  -64.333676  -60.054518  16.526980  -94.989879  -56.472392  59.398692  92.818743 
    p3d_neighb 13  49  50  51  52  53  61  62  64  65  66  74  76  78 
    p3d_nedge 13 
      p3d_edge 63 49 Linear 643.492051
      p3d_edge 63 50 Linear 660.079563
      p3d_edge 63 51 Linear 347.744263
      p3d_edge 63 52 Linear 1019.272129
      p3d_edge 63 53 Linear 1040.659312
      p3d_edge 63 61 Linear 541.438775
      p3d_edge 63 62 Linear 587.981129
      p3d_edge 63 64 Linear 154.418738
      p3d_edge 63 65 Linear 958.117738
      p3d_edge 63 66 Linear 996.488125
      p3d_edge 63 74 Linear 1343.648295
      p3d_edge 63 76 Linear 1229.729561
      p3d_edge 63 78 Linear 1558.917700
  p3d_end_node 

  p3d_node 62 
    n_fail_extend 0
    weight 0.000000
    p3d_q 0.000000  0.000000  0.000000  0.000000  0.000000  0.000000  -4.874090  -66.113642  91.302265  -25.188624  -54.290170  -38.578368  140.728250  -87.965923  -89.153868  -62.063436  106.150802  -37.413090  65.877699  -54.943835  -25.615277  -44.964939  -51.597069  34.386450  -33.733994  22.268647 
    p3d_neighb 5  50  60  61  63  64 
    p3d_nedge 5 
      p3d_edge 62 50 Linear 299.972033
      p3d_edge 62 60 Linear 1083.295409
      p3d_edge 62 61 Linear 229.272460
      p3d_edge 62 63 Linear 587.981129
      p3d_edge 62 64 Linear 643.103389
  p3d_end_node 

  p3d_node 61 
    n_fail_extend 0
    weight 0.000000
    p3d_q 0.000000  0.000000  0.000000  0.000000  0.000000  0.000000  32.439733  -78.829058  78.829058  0.000000  15.606829  -54.504139  140.728250  -87.965923  -89.153868  -62.063436  106.150802  -37.413090  65.877699  -54.943835  -25.615277  -44.964939  -51.597069  34.386450  -33.733994  22.268647 
    p3d_neighb 11  48  49  50  51  60  62  63  64  73  74  76 
    p3d_nedge 11 
      p3d_edge 61 48 Linear 1114.400805
      p3d_edge 61 49 Linear 347.744263
      p3d_edge 61 50 Linear 377.556726
      p3d_edge 61 51 Linear 643.492051
      p3d_edge 61 60 Linear 1058.755440
      p3d_edge 61 62 Linear 229.272460
      p3d_edge 61 63 Linear 541.438775
      p3d_edge 61 64 Linear 563.028502
      p3d_edge 61 73 Linear 1622.713122
      p3d_edge 61 74 Linear 1229.729561
      p3d_edge 61 76 Linear 1343.648295
  p3d_end_node 

  p3d_node 60 
    n_fail_extend 0
    weight 0.000000
    p3d_q 0.000000  0.000000  0.000000  0.000000  0.000000  0.000000  32.439733  -78.829058  78.829058  0.000000  15.606829  -54.504139  140.728250  -87.965923  -89.153868  -62.063436  106.150802  -37.413090  65.877699  132.621267  -1.815674  159.190379  -38.493896  98.714530  59.441775  123.952084 
    p3d_neighb 11  46  47  48  49  50  59  61  62  72  73  74 
    p3d_nedge 11 
      p3d_edge 60 46 Linear 1069.664463
      p3d_edge 60 47 Linear 1331.161548
      p3d_edge 60 48 Linear 347.744263
      p3d_edge 60 49 Linear 1114.400805
      p3d_edge 60 50 Linear 1124.060569
      p3d_edge 60 59 Linear 1296.922452
      p3d_edge 60 61 Linear 1058.755440
      p3d_edge 60 62 Linear 1083.295409
      p3d_edge 60 72 Linear 1592.322450
      p3d_edge 60 73 Linear 1229.729561
      p3d_edge 60 74 Linear 1622.713122
  p3d_end_node 

  p3d_node 59 
    n_fail_extend 0
    weight 0.000000
    p3d_q 0.000000  0.000000  0.000000  0.000000  0.000000  0.000000  0.000000  0.000000  0.000000  0.000000  0.000000  0.000000  140.728250  -87.965923  -89.153868  -62.063436  106.150802  -37.413090  65.877699  30.088488  -84.955750  -11.701082  70.796455  36.774834  0.000000  0.000000 
    p3d_neighb 3  47  48  60 
    p3d_nedge 3 
      p3d_edge 59 47 Linear 299.972033
      p3d_edge 59 48 Linear 1295.856480
      p3d_edge 59 60 Linear 1296.922452
  p3d_end_node 

  p3d_node 58 
    n_fail_extend 0
    weight 0.000000
    p3d_q 0.000000  0.000000  0.000000  0.000000  0.000000  0.000000  0.000000  0.000000  0.000000  0.000000  0.000000  0.000000  94.053078  -56.648875  -119.840778  -23.247106  132.101120  -33.608648  29.446216  56.833824  -103.834808  -63.520157  89.675514  -122.025566  -4.623896  77.743370 
    p3d_neighb 5  45  57  69  70  71 
    p3d_nedge 5 
      p3d_edge 58 45 Linear 876.406795
      p3d_edge 58 57 Linear 973.359688
      p3d_edge 58 69 Linear 983.242591
      p3d_edge 58 70 Linear 1018.534390
      p3d_edge 58 71 Linear 299.972033
  p3d_end_node 

  p3d_node 57 
    n_fail_extend 0
    weight 0.000000
    p3d_q 0.000000  0.000000  0.000000  0.000000  0.000000  0.000000  41.757412  -80.339958  80.339958  0.000000  34.777518  -71.037574  94.053078  -56.648875  -119.840778  -23.247106  132.101120  -33.608648  29.446216  153.645655  -67.793652  -143.636669  113.259020  -104.874881  -0.027725  111.120842 
    p3d_neighb 11  42  43  44  45  55  58  67  68  69  70  71 
    p3d_nedge 11 
      p3d_edge 57 42 Linear 1074.511168
      p3d_edge 57 43 Linear 1073.809211
      p3d_edge 57 44 Linear 923.326506
      p3d_edge 57 45 Linear 1309.777826
      p3d_edge 57 55 Linear 620.465432
      p3d_edge 57 58 Linear 973.359688
      p3d_edge 57 67 Linear 631.759089
      p3d_edge 57 68 Linear 689.173833
      p3d_edge 57 69 Linear 311.572032
      p3d_edge 57 70 Linear 299.972033
      p3d_edge 57 71 Linear 1018.534390
  p3d_end_node 

  p3d_node 56 
    n_fail_extend 0
    weight 0.000000
    p3d_q 0.000000  0.000000  0.000000  0.000000  0.000000  0.000000  69.063857  -68.956071  68.956071  0.000000  -13.436017  -50.903253  94.053078  -56.648875  -119.840778  -23.247106  132.101120  -33.608648  29.446216  153.645655  -67.793652  -143.636669  113.259020  -104.874881  -0.027725  111.120842 
    p3d_neighb 6  42  44  54  67  69  70 
    p3d_nedge 6 
      p3d_edge 56 42 Linear 1042.657887
      p3d_edge 56 44 Linear 886.054769
      p3d_edge 56 54 Linear 549.583856
      p3d_edge 56 67 Linear 650.360275
      p3d_edge 56 69 Linear 347.744263
      p3d_edge 56 70 Linear 355.215489
  p3d_end_node 

  p3d_node 55 
    n_fail_extend 0
    weight 0.000000
    p3d_q 0.000000  0.000000  0.000000  0.000000  0.000000  0.000000  -8.387401  -62.589265  62.589265  0.000000  -18.882000  -47.768380  94.053078  -56.648875  -119.840778  -23.247106  132.101120  -33.608648  29.446216  129.793225  -21.640488  -30.492894  80.928041  -80.603838  79.352695  118.355550 
    p3d_neighb 12  40  41  42  43  44  57  65  66  67  68  69  70 
    p3d_nedge 12 
      p3d_edge 55 40 Linear 1060.858729
      p3d_edge 55 41 Linear 1070.554299
      p3d_edge 55 42 Linear 934.326331
      p3d_edge 55 43 Linear 876.406795
      p3d_edge 55 44 Linear 1083.977909
      p3d_edge 55 57 Linear 620.465432
      p3d_edge 55 65 Linear 628.786320
      p3d_edge 55 66 Linear 684.091264
      p3d_edge 55 67 Linear 378.043234
      p3d_edge 55 68 Linear 299.972033
      p3d_edge 55 69 Linear 667.052548
      p3d_edge 55 70 Linear 689.173833
  p3d_end_node 

  p3d_node 54 
    n_fail_extend 0
    weight 0.000000
    p3d_q 0.000000  0.000000  0.000000  0.000000  0.000000  0.000000  69.063857  -68.956071  68.956071  0.000000  -13.436017  -50.903253  94.053078  -56.648875  -119.840778  -23.247106  132.101120  -33.608648  29.446216  129.793225  -21.640488  -30.492894  80.928041  -80.603838  79.352695  118.355550 
    p3d_neighb 11  40  42  44  52  53  56  65  66  67  69  70 
    p3d_nedge 11 
      p3d_edge 54 40 Linear 1018.601297
      p3d_edge 54 42 Linear 886.054769
      p3d_edge 54 44 Linear 1042.657887
      p3d_edge 54 52 Linear 502.449549
      p3d_edge 54 53 Linear 538.780101
      p3d_edge 54 56 Linear 549.583856
      p3d_edge 54 65 Linear 611.049606
      p3d_edge 54 66 Linear 616.658104
      p3d_edge 54 67 Linear 347.744263
      p3d_edge 54 69 Linear 650.360275
      p3d_edge 54 70 Linear 654.385558
  p3d_end_node 

  p3d_node 53 
    n_fail_extend 0
    weight 0.000000
    p3d_q 0.000000  0.000000  0.000000  0.000000  0.000000  0.000000  69.891649  -70.254330  70.254330  0.000000  -26.652953  -4.093090  94.053078  -56.648875  -119.840778  -23.247106  132.101120  -33.608648  29.446216  71.786110  -0.934259  61.437733  91.322493  -140.059671  65.677080  41.766572 
    p3d_neighb 11  38  40  42  51  52  54  63  64  65  66  67 
    p3d_nedge 11 
      p3d_edge 53 38 Linear 1323.181751
      p3d_edge 53 40 Linear 912.589911
      p3d_edge 53 42 Linear 1041.765758
      p3d_edge 53 51 Linear 977.659474
      p3d_edge 53 52 Linear 194.495367
      p3d_edge 53 54 Linear 538.780101
      p3d_edge 53 63 Linear 1040.659312
      p3d_edge 53 64 Linear 1051.792586
      p3d_edge 53 65 Linear 406.180013
      p3d_edge 53 66 Linear 299.972033
      p3d_edge 53 67 Linear 646.094229
  p3d_end_node 

  p3d_node 52 
    n_fail_extend 0
    weight 0.000000
    p3d_q 0.000000  0.000000  0.000000  0.000000  0.000000  0.000000  69.063857  -68.956071  68.956071  0.000000  -13.436017  -50.903253  94.053078  -56.648875  -119.840778  -23.247106  132.101120  -33.608648  29.446216  71.786110  -0.934259  61.437733  91.322493  -140.059671  65.677080  41.766572 
    p3d_neighb 11  38  40  42  51  53  54  63  64  65  66  67 
    p3d_nedge 11 
      p3d_edge 52 38 Linear 1305.022089
      p3d_edge 52 40 Linear 886.054769
      p3d_edge 52 42 Linear 1018.601297
      p3d_edge 52 51 Linear 958.117738
      p3d_edge 52 53 Linear 194.495367
      p3d_edge 52 54 Linear 502.449549
      p3d_edge 52 63 Linear 1019.272129
      p3d_edge 52 64 Linear 1013.006083
      p3d_edge 52 65 Linear 347.744263
      p3d_edge 52 66 Linear 357.507578
      p3d_edge 52 67 Linear 611.049606
  p3d_end_node 

  p3d_node 51 
    n_fail_extend 0
    weight 0.000000
    p3d_q 0.000000  0.000000  0.000000  0.000000  0.000000  0.000000  69.063857  -68.956071  68.956071  0.000000  -13.436017  -50.903253  94.053078  -56.648875  -119.840778  -23.247106  132.101120  -33.608648  29.446216  -64.333676  -60.054518  16.526980  -94.989879  -56.472392  59.398692  92.818743 
    p3d_neighb 11  36  38  40  49  52  53  61  63  64  65  66 
    p3d_nedge 11 
      p3d_edge 51 36 Linear 1038.387693
      p3d_edge 51 38 Linear 886.054769
      p3d_edge 51 40 Linear 1305.022089
      p3d_edge 51 49 Linear 541.438775
      p3d_edge 51 52 Linear 958.117738
      p3d_edge 51 53 Linear 977.659474
      p3d_edge 51 61 Linear 643.492051
      p3d_edge 51 63 Linear 347.744263
      p3d_edge 51 64 Linear 328.925105
      p3d_edge 51 65 Linear 1019.272129
      p3d_edge 51 66 Linear 1022.644253
  p3d_end_node 

  p3d_node 50 
    n_fail_extend 0
    weight 0.000000
    p3d_q 0.000000  0.000000  0.000000  0.000000  0.000000  0.000000  -4.874090  -66.113642  91.302265  -25.188624  -54.290170  -38.578368  94.053078  -56.648875  -119.840778  -23.247106  132.101120  -33.608648  29.446216  -54.943835  -25.615277  -44.964939  -51.597069  34.386450  -33.733994  22.268647 
    p3d_neighb 10  35  36  37  38  39  60  61  62  63  64 
    p3d_nedge 10 
      p3d_edge 50 35 Linear 1433.562063
      p3d_edge 50 36 Linear 966.507686
      p3d_edge 50 37 Linear 876.406795
      p3d_edge 50 38 Linear 1107.832593
      p3d_edge 50 39 Linear 1087.046843
      p3d_edge 50 60 Linear 1124.060569
      p3d_edge 50 61 Linear 377.556726
      p3d_edge 50 62 Linear 299.972033
      p3d_edge 50 63 Linear 660.079563
      p3d_edge 50 64 Linear 709.623273
  p3d_end_node 

  p3d_node 49 
    n_fail_extend 0
    weight 0.000000
    p3d_q 0.000000  0.000000  0.000000  0.000000  0.000000  0.000000  69.063857  -68.956071  68.956071  0.000000  -13.436017  -50.903253  94.053078  -56.648875  -119.840778  -23.247106  132.101120  -33.608648  29.446216  -54.943835  -25.615277  -44.964939  -51.597069  34.386450  -33.733994  22.268647 
    p3d_neighb 9  35  36  38  48  51  60  61  63  64 
    p3d_nedge 9 
      p3d_edge 49 35 Linear 1380.599919
      p3d_edge 49 36 Linear 886.054769
      p3d_edge 49 38 Linear 1038.387693
      p3d_edge 49 48 Linear 1058.755440
      p3d_edge 49 51 Linear 541.438775
      p3d_edge 49 60 Linear 1114.400805
      p3d_edge 49 61 Linear 347.744263
      p3d_edge 49 63 Linear 643.492051
      p3d_edge 49 64 Linear 633.520065
  p3d_end_node 

  p3d_node 48 
    n_fail_extend 0
    weight 0.000000
    p3d_q 0.000000  0.000000  0.000000  0.000000  0.000000  0.000000  69.063857  -68.956071  68.956071  0.000000  -13.436017  -50.903253  94.053078  -56.648875  -119.840778  -23.247106  132.101120  -33.608648  29.446216  132.621267  -1.815674  159.190379  -38.493896  98.714530  59.441775  123.952084 
    p3d_neighb 9  33  34  35  36  46  49  59  60  61 
    p3d_nedge 9 
      p3d_edge 48 33 Linear 1344.748692
      p3d_edge 48 34 Linear 1535.366297
      p3d_edge 48 35 Linear 886.054769
      p3d_edge 48 36 Linear 1380.599919
      p3d_edge 48 46 Linear 1011.561166
      p3d_edge 48 49 Linear 1058.755440
      p3d_edge 48 59 Linear 1295.856480
      p3d_edge 48 60 Linear 347.744263
      p3d_edge 48 61 Linear 1114.400805
  p3d_end_node 

  p3d_node 47 
    n_fail_extend 0
    weight 0.000000
    p3d_q 0.000000  0.000000  0.000000  0.000000  0.000000  0.000000  0.000000  0.000000  0.000000  0.000000  0.000000  0.000000  94.053078  -56.648875  -119.840778  -23.247106  132.101120  -33.608648  29.446216  30.088488  -84.955750  -11.701082  70.796455  36.774834  0.000000  0.000000 
    p3d_neighb 4  34  35  59  60 
    p3d_nedge 4 
      p3d_edge 47 34 Linear 876.406795
      p3d_edge 47 35 Linear 1491.364313
      p3d_edge 47 59 Linear 299.972033
      p3d_edge 47 60 Linear 1331.161548
  p3d_end_node 

  p3d_node 46 
    n_fail_extend 0
    weight 0.000000
    p3d_q 0.000000  0.000000  0.000000  0.000000  0.000000  0.000000  69.063857  -68.956071  68.956071  0.000000  -13.436017  -50.903253  94.053078  -56.648875  -119.840778  -23.247106  132.101120  -33.608648  29.446216  30.088488  -84.955750  -11.701082  70.796455  36.774834  0.000000  0.000000 
    p3d_neighb 4  33  35  48  60 
    p3d_nedge 4 
      p3d_edge 46 33 Linear 886.054769
      p3d_edge 46 35 Linear 1344.748692
      p3d_edge 46 48 Linear 1011.561166
      p3d_edge 46 60 Linear 1069.664463
  p3d_end_node 

  p3d_node 45 
    n_fail_extend 0
    weight 0.000000
    p3d_q 0.000000  0.000000  0.000000  0.000000  0.000000  0.000000  0.000000  0.000000  0.000000  0.000000  0.000000  0.000000  80.149965  -98.455279  -148.578121  -103.996302  -89.715696  -26.239327  50.528558  56.833824  -103.834808  -63.520157  89.675514  -122.025566  -4.623896  77.743370 
    p3d_neighb 2  57  58 
    p3d_nedge 2 
      p3d_edge 45 57 Linear 1309.777826
      p3d_edge 45 58 Linear 876.406795
  p3d_end_node 

  p3d_node 44 
    n_fail_extend 0
    weight 0.000000
    p3d_q 0.000000  0.000000  0.000000  0.000000  0.000000  0.000000  75.225691  -55.989271  55.989271  0.000000  -18.736170  -55.444205  80.149965  -98.455279  -148.578121  -103.996302  -89.715696  -26.239327  50.528558  153.645655  -67.793652  -143.636669  113.259020  -104.874881  -0.027725  111.120842 
    p3d_neighb 8  29  31  42  43  54  55  56  57 
    p3d_nedge 8 
      p3d_edge 44 29 Linear 1580.061951
      p3d_edge 44 31 Linear 1481.402495
      p3d_edge 44 42 Linear 549.583856
      p3d_edge 44 43 Linear 637.902216
      p3d_edge 44 54 Linear 1042.657887
      p3d_edge 44 55 Linear 1083.977909
      p3d_edge 44 56 Linear 886.054769
      p3d_edge 44 57 Linear 923.326506
  p3d_end_node 

  p3d_node 43 
    n_fail_extend 0
    weight 0.000000
    p3d_q 0.000000  0.000000  0.000000  0.000000  0.000000  0.000000  -8.387401  -62.589265  62.589265  0.000000  -18.882000  -47.768380  80.149965  -98.455279  -148.578121  -103.996302  -89.715696  -26.239327  50.528558  129.793225  -21.640488  -30.492894  80.928041  -80.603838  79.352695  118.355550 
    p3d_neighb 10  28  29  30  31  40  41  42  44  55  57 
    p3d_nedge 10 
      p3d_edge 43 28 Linear 1518.865505
      p3d_edge 43 29 Linear 1433.351622
      p3d_edge 43 30 Linear 1372.559114
      p3d_edge 43 31 Linear 1535.102370
      p3d_edge 43 40 Linear 597.772843
      p3d_edge 43 41 Linear 614.815125
      p3d_edge 43 42 Linear 323.846912
      p3d_edge 43 44 Linear 637.902216
      p3d_edge 43 55 Linear 876.406795
      p3d_edge 43 57 Linear 1073.809211
  p3d_end_node 

  p3d_node 42 
    n_fail_extend 0
    weight 0.000000
    p3d_q 0.000000  0.000000  0.000000  0.000000  0.000000  0.000000  75.225691  -55.989271  55.989271  0.000000  -18.736170  -55.444205  80.149965  -98.455279  -148.578121  -103.996302  -89.715696  -26.239327  50.528558  129.793225  -21.640488  -30.492894  80.928041  -80.603838  79.352695  118.355550 
    p3d_neighb 13  28  29  31  40  41  43  44  52  53  54  55  56  57 
    p3d_nedge 13 
      p3d_edge 42 28 Linear 1564.291821
      p3d_edge 42 29 Linear 1481.402495
      p3d_edge 42 31 Linear 1580.061951
      p3d_edge 42 40 Linear 502.449549
      p3d_edge 42 41 Linear 563.193594
      p3d_edge 42 43 Linear 323.846912
      p3d_edge 42 44 Linear 549.583856
      p3d_edge 42 52 Linear 1018.601297
      p3d_edge 42 53 Linear 1041.765758
      p3d_edge 42 54 Linear 886.054769
      p3d_edge 42 55 Linear 934.326331
      p3d_edge 42 56 Linear 1042.657887
      p3d_edge 42 57 Linear 1074.511168
  p3d_end_node 

  p3d_node 41 
    n_fail_extend 0
    weight 0.000000
    p3d_q 0.000000  0.000000  0.000000  0.000000  0.000000  0.000000  69.891649  -70.254330  70.254330  0.000000  -26.652953  -4.093090  80.149965  -98.455279  -148.578121  -103.996302  -89.715696  -26.239327  50.528558  71.786110  -0.934259  61.437733  91.322493  -140.059671  65.677080  41.766572 
    p3d_neighb 9  26  28  29  38  39  40  42  43  55 
    p3d_nedge 9 
      p3d_edge 41 26 Linear 1790.148772
      p3d_edge 41 28 Linear 1512.165013
      p3d_edge 41 29 Linear 1593.454918
      p3d_edge 41 38 Linear 991.322892
      p3d_edge 41 39 Linear 1008.109332
      p3d_edge 41 40 Linear 254.423810
      p3d_edge 41 42 Linear 563.193594
      p3d_edge 41 43 Linear 614.815125
      p3d_edge 41 55 Linear 1070.554299
  p3d_end_node 

  p3d_node 40 
    n_fail_extend 0
    weight 0.000000
    p3d_q 0.000000  0.000000  0.000000  0.000000  0.000000  0.000000  75.225691  -55.989271  55.989271  0.000000  -18.736170  -55.444205  80.149965  -98.455279  -148.578121  -103.996302  -89.715696  -26.239327  50.528558  71.786110  -0.934259  61.437733  91.322493  -140.059671  65.677080  41.766572 
    p3d_neighb 13  26  28  29  38  39  41  42  43  51  52  53  54  55 
    p3d_nedge 13 
      p3d_edge 40 26 Linear 1764.240050
      p3d_edge 40 28 Linear 1481.402495
      p3d_edge 40 29 Linear 1564.291821
      p3d_edge 40 38 Linear 958.117738
      p3d_edge 40 39 Linear 979.468308
      p3d_edge 40 41 Linear 254.423810
      p3d_edge 40 42 Linear 502.449549
      p3d_edge 40 43 Linear 597.772843
      p3d_edge 40 51 Linear 1305.022089
      p3d_edge 40 52 Linear 886.054769
      p3d_edge 40 53 Linear 912.589911
      p3d_edge 40 54 Linear 1018.601297
      p3d_edge 40 55 Linear 1060.858729
  p3d_end_node 

  p3d_node 39 
    n_fail_extend 0
    weight 0.000000
    p3d_q 0.000000  0.000000  0.000000  0.000000  0.000000  0.000000  59.707579  -70.484694  73.031779  -2.547085  31.721067  -75.764704  80.149965  -98.455279  -148.578121  -103.996302  -89.715696  -26.239327  50.528558  -64.333676  -60.054518  16.526980  -94.989879  -56.472392  59.398692  92.818743 
    p3d_neighb 8  24  26  28  36  38  40  41  50 
    p3d_nedge 8 
      p3d_edge 39 24 Linear 1603.652229
      p3d_edge 39 26 Linear 1509.484854
      p3d_edge 39 28 Linear 1787.885378
      p3d_edge 39 36 Linear 578.380941
      p3d_edge 39 38 Linear 203.392639
      p3d_edge 39 40 Linear 979.468308
      p3d_edge 39 41 Linear 1008.109332
      p3d_edge 39 50 Linear 1087.046843
  p3d_end_node 

  p3d_node 38 
    n_fail_extend 0
    weight 0.000000
    p3d_q 0.000000  0.000000  0.000000  0.000000  0.000000  0.000000  75.225691  -55.989271  55.989271  0.000000  -18.736170  -55.444205  80.149965  -98.455279  -148.578121  -103.996302  -89.715696  -26.239327  50.528558  -64.333676  -60.054518  16.526980  -94.989879  -56.472392  59.398692  92.818743 
    p3d_neighb 13  24  26  28  36  37  39  40  41  49  50  51  52  53 
    p3d_nedge 13 
      p3d_edge 38 24 Linear 1577.247381
      p3d_edge 38 26 Linear 1481.402495
      p3d_edge 38 28 Linear 1764.240050
      p3d_edge 38 36 Linear 541.438775
      p3d_edge 38 37 Linear 677.646061
      p3d_edge 38 39 Linear 203.392639
      p3d_edge 38 40 Linear 958.117738
      p3d_edge 38 41 Linear 991.322892
      p3d_edge 38 49 Linear 1038.387693
      p3d_edge 38 50 Linear 1107.832593
      p3d_edge 38 51 Linear 886.054769
      p3d_edge 38 52 Linear 1305.022089
      p3d_edge 38 53 Linear 1323.181751
  p3d_end_node 

  p3d_node 37 
    n_fail_extend 0
    weight 0.000000
    p3d_q 0.000000  0.000000  0.000000  0.000000  0.000000  0.000000  -4.874090  -66.113642  91.302265  -25.188624  -54.290170  -38.578368  80.149965  -98.455279  -148.578121  -103.996302  -89.715696  -26.239327  50.528558  -54.943835  -25.615277  -44.964939  -51.597069  34.386450  -33.733994  22.268647 
    p3d_neighb 8  23  24  25  26  35  36  38  50 
    p3d_nedge 8 
      p3d_edge 37 23 Linear 1819.683743
      p3d_edge 37 24 Linear 1479.961433
      p3d_edge 37 25 Linear 1372.559114
      p3d_edge 37 26 Linear 1575.893966
      p3d_edge 37 35 Linear 1134.465213
      p3d_edge 37 36 Linear 407.490168
      p3d_edge 37 38 Linear 677.646061
      p3d_edge 37 50 Linear 876.406795
  p3d_end_node 

  p3d_node 36 
    n_fail_extend 0
    weight 0.000000
    p3d_q 0.000000  0.000000  0.000000  0.000000  0.000000  0.000000  75.225691  -55.989271  55.989271  0.000000  -18.736170  -55.444205  80.149965  -98.455279  -148.578121  -103.996302  -89.715696  -26.239327  50.528558  -54.943835  -25.615277  -44.964939  -51.597069  34.386450  -33.733994  22.268647 
    p3d_neighb 11  23  24  26  35  37  38  39  48  49  50  51 
    p3d_nedge 11 
      p3d_edge 36 23 Linear 1820.855962
      p3d_edge 36 24 Linear 1481.402495
      p3d_edge 36 26 Linear 1577.247381
      p3d_edge 36 35 Linear 1058.755440
      p3d_edge 36 37 Linear 407.490168
      p3d_edge 36 38 Linear 541.438775
      p3d_edge 36 39 Linear 578.380941
      p3d_edge 36 48 Linear 1380.599919
      p3d_edge 36 49 Linear 886.054769
      p3d_edge 36 50 Linear 966.507686
      p3d_edge 36 51 Linear 1038.387693
  p3d_end_node 

  p3d_node 35 
    n_fail_extend 0
    weight 0.000000
    p3d_q 0.000000  0.000000  0.000000  0.000000  0.000000  0.000000  75.225691  -55.989271  55.989271  0.000000  -18.736170  -55.444205  80.149965  -98.455279  -148.578121  -103.996302  -89.715696  -26.239327  50.528558  132.621267  -1.815674  159.190379  -38.493896  98.714530  59.441775  123.952084 
    p3d_neighb 11  23  24  33  34  36  37  46  47  48  49  50 
    p3d_nedge 11 
      p3d_edge 35 23 Linear 1481.402495
      p3d_edge 35 24 Linear 1820.855962
      p3d_edge 35 33 Linear 1011.561166
      p3d_edge 35 34 Linear 1206.680838
      p3d_edge 35 36 Linear 1058.755440
      p3d_edge 35 37 Linear 1134.465213
      p3d_edge 35 46 Linear 1344.748692
      p3d_edge 35 47 Linear 1491.364313
      p3d_edge 35 48 Linear 886.054769
      p3d_edge 35 49 Linear 1380.599919
      p3d_edge 35 50 Linear 1433.562063
  p3d_end_node 

  p3d_node 34 
    n_fail_extend 0
    weight 0.000000
    p3d_q 0.000000  0.000000  0.000000  0.000000  0.000000  0.000000  0.000000  0.000000  0.000000  0.000000  0.000000  0.000000  80.149965  -98.455279  -148.578121  -103.996302  -89.715696  -26.239327  50.528558  30.088488  -84.955750  -11.701082  70.796455  36.774834  0.000000  0.000000 
    p3d_neighb 4  23  35  47  48 
    p3d_nedge 4 
      p3d_edge 34 23 Linear 1740.917891
      p3d_edge 34 35 Linear 1206.680838
      p3d_edge 34 47 Linear 876.406795
      p3d_edge 34 48 Linear 1535.366297
  p3d_end_node 

  p3d_node 33 
    n_fail_extend 0
    weight 0.000000
    p3d_q 0.000000  0.000000  0.000000  0.000000  0.000000  0.000000  75.225691  -55.989271  55.989271  0.000000  -18.736170  -55.444205  80.149965  -98.455279  -148.578121  -103.996302  -89.715696  -26.239327  50.528558  30.088488  -84.955750  -11.701082  70.796455  36.774834  0.000000  0.000000 
    p3d_neighb 4  23  35  46  48 
    p3d_nedge 4 
      p3d_edge 33 23 Linear 1793.825339
      p3d_edge 33 35 Linear 1011.561166
      p3d_edge 33 46 Linear 886.054769
      p3d_edge 33 48 Linear 1344.748692
  p3d_end_node 

  p3d_node 32 
    n_fail_extend 0
    weight 0.000000
    p3d_q 0.000000  0.000000  0.000000  0.000000  0.000000  0.000000  0.000000  0.000000  0.000000  0.000000  0.000000  0.000000  10.183872  19.011501  155.610300  -90.475516  -34.653446  73.955709  -25.179737  56.833824  -103.834808  -63.520157  89.675514  -122.025566  -4.623896  77.743370 
    p3d_neighb 2  20  21 
    p3d_nedge 2 
      p3d_edge 32 20 Linear 1240.077182
      p3d_edge 32 21 Linear 768.350398
  p3d_end_node 

  p3d_node 31 
    n_fail_extend 0
    weight 0.000000
    p3d_q 0.000000  0.000000  0.000000  0.000000  0.000000  0.000000  -41.050574  -11.460576  38.803442  -27.342866  16.641996  -32.989573  10.183872  19.011501  155.610300  -90.475516  -34.653446  73.955709  -25.179737  153.645655  -67.793652  -143.636669  113.259020  -104.874881  -0.027725  111.120842 
    p3d_neighb 9  17  18  19  20  29  30  42  43  44 
    p3d_nedge 9 
      p3d_edge 31 17 Linear 1151.354934
      p3d_edge 31 18 Linear 1031.010718
      p3d_edge 31 19 Linear 1011.719215
      p3d_edge 31 20 Linear 1008.522071
      p3d_edge 31 29 Linear 549.583856
      p3d_edge 31 30 Linear 687.474193
      p3d_edge 31 42 Linear 1580.061951
      p3d_edge 31 43 Linear 1535.102370
      p3d_edge 31 44 Linear 1481.402495
  p3d_end_node 

  p3d_node 30 
    n_fail_extend 0
    weight 0.000000
    p3d_q 0.000000  0.000000  0.000000  0.000000  0.000000  0.000000  -8.387401  -62.589265  62.589265  0.000000  -18.882000  -47.768380  10.183872  19.011501  155.610300  -90.475516  -34.653446  73.955709  -25.179737  129.793225  -21.640488  -30.492894  80.928041  -80.603838  79.352695  118.355550 
    p3d_neighb 10  15  16  17  18  19  20  28  29  31  43 
    p3d_nedge 10 
      p3d_edge 30 15 Linear 968.888641
      p3d_edge 30 16 Linear 984.052830
      p3d_edge 30 17 Linear 828.426007
      p3d_edge 30 18 Linear 768.350398
      p3d_edge 30 19 Linear 994.148914
      p3d_edge 30 20 Linear 987.592875
      p3d_edge 30 28 Linear 650.410563
      p3d_edge 30 29 Linear 413.011321
      p3d_edge 30 31 Linear 687.474193
      p3d_edge 30 43 Linear 1372.559114
  p3d_end_node 

  p3d_node 29 
    n_fail_extend 0
    weight 0.000000
    p3d_q 0.000000  0.000000  0.000000  0.000000  0.000000  0.000000  -41.050574  -11.460576  38.803442  -27.342866  16.641996  -32.989573  10.183872  19.011501  155.610300  -90.475516  -34.653446  73.955709  -25.179737  129.793225  -21.640488  -30.492894  80.928041  -80.603838  79.352695  118.355550 
    p3d_neighb 14  15  16  17  18  19  20  28  30  31  40  41  42  43  44 
    p3d_nedge 14 
      p3d_edge 29 15 Linear 1129.615563
      p3d_edge 29 16 Linear 1116.038703
      p3d_edge 29 17 Linear 1011.719215
      p3d_edge 29 18 Linear 872.319142
      p3d_edge 29 19 Linear 1151.354934
      p3d_edge 29 20 Linear 1148.546552
      p3d_edge 29 28 Linear 502.449549
      p3d_edge 29 30 Linear 413.011321
      p3d_edge 29 31 Linear 549.583856
      p3d_edge 29 40 Linear 1564.291821
      p3d_edge 29 41 Linear 1593.454918
      p3d_edge 29 42 Linear 1481.402495
      p3d_edge 29 43 Linear 1433.351622
      p3d_edge 29 44 Linear 1580.061951
  p3d_end_node 

  p3d_node 28 
    n_fail_extend 0
    weight 0.000000
    p3d_q 0.000000  0.000000  0.000000  0.000000  0.000000  0.000000  -41.050574  -11.460576  38.803442  -27.342866  16.641996  -32.989573  10.183872  19.011501  155.610300  -90.475516  -34.653446  73.955709  -25.179737  71.786110  -0.934259  61.437733  91.322493  -140.059671  65.677080  41.766572 
    p3d_neighb 16  13  14  15  16  17  18  26  27  29  30  38  39  40  41  42  43 
    p3d_nedge 16 
      p3d_edge 28 13 Linear 1393.400650
      p3d_edge 28 14 Linear 1379.484664
      p3d_edge 28 15 Linear 1011.719215
      p3d_edge 28 16 Linear 996.537424
      p3d_edge 28 17 Linear 1129.615563
      p3d_edge 28 18 Linear 1006.675834
      p3d_edge 28 26 Linear 958.117738
      p3d_edge 28 27 Linear 1145.694376
      p3d_edge 28 29 Linear 502.449549
      p3d_edge 28 30 Linear 650.410563
      p3d_edge 28 38 Linear 1764.240050
      p3d_edge 28 39 Linear 1787.885378
      p3d_edge 28 40 Linear 1481.402495
      p3d_edge 28 41 Linear 1512.165013
      p3d_edge 28 42 Linear 1564.291821
      p3d_edge 28 43 Linear 1518.865505
  p3d_end_node 

  p3d_node 27 
    n_fail_extend 0
    weight 0.000000
    p3d_q 0.000000  0.000000  0.000000  0.000000  0.000000  0.000000  59.707579  -70.484694  73.031779  -2.547085  31.721067  -75.764704  10.183872  19.011501  155.610300  -90.475516  -34.653446  73.955709  -25.179737  -64.333676  -60.054518  16.526980  -94.989879  -56.472392  59.398692  92.818743 
    p3d_neighb 4  24  25  26  28 
    p3d_nedge 4 
      p3d_edge 27 24 Linear 829.326203
      p3d_edge 27 25 Linear 643.103389
      p3d_edge 27 26 Linear 628.192648
      p3d_edge 27 28 Linear 1145.694376
  p3d_end_node 

  p3d_node 26 
    n_fail_extend 0
    weight 0.000000
    p3d_q 0.000000  0.000000  0.000000  0.000000  0.000000  0.000000  -41.050574  -11.460576  38.803442  -27.342866  16.641996  -32.989573  10.183872  19.011501  155.610300  -90.475516  -34.653446  73.955709  -25.179737  -64.333676  -60.054518  16.526980  -94.989879  -56.472392  59.398692  92.818743 
    p3d_neighb 16  11  12  13  14  15  16  24  25  27  28  36  37  38  39  40  41 
    p3d_nedge 16 
      p3d_edge 26 11 Linear 1147.489310
      p3d_edge 26 12 Linear 1090.818777
      p3d_edge 26 13 Linear 1011.719215
      p3d_edge 26 14 Linear 992.465787
      p3d_edge 26 15 Linear 1393.400650
      p3d_edge 26 16 Linear 1382.416883
      p3d_edge 26 24 Linear 541.438775
      p3d_edge 26 25 Linear 774.288880
      p3d_edge 26 27 Linear 628.192648
      p3d_edge 26 28 Linear 958.117738
      p3d_edge 26 36 Linear 1577.247381
      p3d_edge 26 37 Linear 1575.893966
      p3d_edge 26 38 Linear 1481.402495
      p3d_edge 26 39 Linear 1509.484854
      p3d_edge 26 40 Linear 1764.240050
      p3d_edge 26 41 Linear 1790.148772
  p3d_end_node 

  p3d_node 25 
    n_fail_extend 0
    weight 0.000000
    p3d_q 0.000000  0.000000  0.000000  0.000000  0.000000  0.000000  -4.874090  -66.113642  91.302265  -25.188624  -54.290170  -38.578368  10.183872  19.011501  155.610300  -90.475516  -34.653446  73.955709  -25.179737  -54.943835  -25.615277  -44.964939  -51.597069  34.386450  -33.733994  22.268647 
    p3d_neighb 7  12  14  23  24  26  27  37 
    p3d_nedge 7 
      p3d_edge 25 12 Linear 768.350398
      p3d_edge 25 14 Linear 1001.970211
      p3d_edge 25 23 Linear 1194.709339
      p3d_edge 25 24 Linear 553.504581
      p3d_edge 25 26 Linear 774.288880
      p3d_edge 25 27 Linear 643.103389
      p3d_edge 25 37 Linear 1372.559114
  p3d_end_node 

  p3d_node 24 
    n_fail_extend 0
    weight 0.000000
    p3d_q 0.000000  0.000000  0.000000  0.000000  0.000000  0.000000  -41.050574  -11.460576  38.803442  -27.342866  16.641996  -32.989573  10.183872  19.011501  155.610300  -90.475516  -34.653446  73.955709  -25.179737  -54.943835  -25.615277  -44.964939  -51.597069  34.386450  -33.733994  22.268647 
    p3d_neighb 14  10  11  12  13  14  23  25  26  27  35  36  37  38  39 
    p3d_nedge 14 
      p3d_edge 24 10 Linear 1464.424410
      p3d_edge 24 11 Linear 1011.719215
      p3d_edge 24 12 Linear 946.958107
      p3d_edge 24 13 Linear 1147.489310
      p3d_edge 24 14 Linear 1130.550435
      p3d_edge 24 23 Linear 1058.755440
      p3d_edge 24 25 Linear 553.504581
      p3d_edge 24 26 Linear 541.438775
      p3d_edge 24 27 Linear 829.326203
      p3d_edge 24 35 Linear 1820.855962
      p3d_edge 24 36 Linear 1481.402495
      p3d_edge 24 37 Linear 1479.961433
      p3d_edge 24 38 Linear 1577.247381
      p3d_edge 24 39 Linear 1603.652229
  p3d_end_node 

  p3d_node 23 
    n_fail_extend 0
    weight 0.000000
    p3d_q 0.000000  0.000000  0.000000  0.000000  0.000000  0.000000  -41.050574  -11.460576  38.803442  -27.342866  16.641996  -32.989573  10.183872  19.011501  155.610300  -90.475516  -34.653446  73.955709  -25.179737  132.621267  -1.815674  159.190379  -38.493896  98.714530  59.441775  123.952084 
    p3d_neighb 13  8  9  10  11  12  22  24  25  33  34  35  36  37 
    p3d_nedge 13 
      p3d_edge 23 8 Linear 1430.675282
      p3d_edge 23 9 Linear 1318.043594
      p3d_edge 23 10 Linear 1011.719215
      p3d_edge 23 11 Linear 1464.424410
      p3d_edge 23 12 Linear 1420.455117
      p3d_edge 23 22 Linear 1070.923238
      p3d_edge 23 24 Linear 1058.755440
      p3d_edge 23 25 Linear 1194.709339
      p3d_edge 23 33 Linear 1793.825339
      p3d_edge 23 34 Linear 1740.917891
      p3d_edge 23 35 Linear 1481.402495
      p3d_edge 23 36 Linear 1820.855962
      p3d_edge 23 37 Linear 1819.683743
  p3d_end_node 

  p3d_node 22 
    n_fail_extend 0
    weight 0.000000
    p3d_q 0.000000  0.000000  0.000000  0.000000  0.000000  0.000000  0.000000  0.000000  0.000000  0.000000  0.000000  0.000000  10.183872  19.011501  155.610300  -90.475516  -34.653446  73.955709  -25.179737  30.088488  -84.955750  -11.701082  70.796455  36.774834  0.000000  0.000000 
    p3d_neighb 3  9  10  23 
    p3d_nedge 3 
      p3d_edge 22 9 Linear 768.350398
      p3d_edge 22 10 Linear 1508.505407
      p3d_edge 22 23 Linear 1070.923238
  p3d_end_node 

  p3d_node 21 
    n_fail_extend 0
    weight 0.000000
    p3d_q 0.000000  0.000000  0.000000  0.000000  0.000000  0.000000  0.000000  0.000000  0.000000  0.000000  0.000000  0.000000  39.746027  -24.367601  133.802470  7.735164  117.586890  -26.231636  55.305072  56.833824  -103.834808  -63.520157  89.675514  -122.025566  -4.623896  77.743370 
    p3d_neighb 3  7  20  32 
    p3d_nedge 3 
      p3d_edge 21 7 Linear 887.466131
      p3d_edge 21 20 Linear 973.359688
      p3d_edge 21 32 Linear 768.350398
  p3d_end_node 

  p3d_node 20 
    n_fail_extend 0
    weight 0.000000
    p3d_q 0.000000  0.000000  0.000000  0.000000  0.000000  0.000000  41.757412  -80.339958  80.339958  0.000000  34.777518  -71.037574  39.746027  -24.367601  133.802470  7.735164  117.586890  -26.231636  55.305072  153.645655  -67.793652  -143.636669  113.259020  -104.874881  -0.027725  111.120842 
    p3d_neighb 10  6  7  17  18  19  21  29  30  31  32 
    p3d_nedge 10 
      p3d_edge 20 6 Linear 1265.308577
      p3d_edge 20 7 Linear 1139.720747
      p3d_edge 20 17 Linear 577.997717
      p3d_edge 20 18 Linear 620.465432
      p3d_edge 20 19 Linear 178.994262
      p3d_edge 20 21 Linear 973.359688
      p3d_edge 20 29 Linear 1148.546552
      p3d_edge 20 30 Linear 987.592875
      p3d_edge 20 31 Linear 1008.522071
      p3d_edge 20 32 Linear 1240.077182
  p3d_end_node 

  p3d_node 19 
    n_fail_extend 0
    weight 0.000000
    p3d_q 0.000000  0.000000  0.000000  0.000000  0.000000  0.000000  59.766708  -78.794574  78.794574  0.000000  1.162159  -33.341916  39.746027  -24.367601  133.802470  7.735164  117.586890  -26.231636  55.305072  153.645655  -67.793652  -143.636669  113.259020  -104.874881  -0.027725  111.120842 
    p3d_neighb 8  6  7  17  18  20  29  30  31 
    p3d_nedge 8 
      p3d_edge 19 6 Linear 1238.377110
      p3d_edge 19 7 Linear 1109.745670
      p3d_edge 19 17 Linear 549.583856
      p3d_edge 19 18 Linear 630.848420
      p3d_edge 19 20 Linear 178.994262
      p3d_edge 19 29 Linear 1151.354934
      p3d_edge 19 30 Linear 994.148914
      p3d_edge 19 31 Linear 1011.719215
  p3d_end_node 

  p3d_node 18 
    n_fail_extend 0
    weight 0.000000
    p3d_q 0.000000  0.000000  0.000000  0.000000  0.000000  0.000000  -8.387401  -62.589265  62.589265  0.000000  -18.882000  -47.768380  39.746027  -24.367601  133.802470  7.735164  117.586890  -26.231636  55.305072  129.793225  -21.640488  -30.492894  80.928041  -80.603838  79.352695  118.355550 
    p3d_neighb 12  5  6  7  15  16  17  19  20  28  29  30  31 
    p3d_nedge 12 
      p3d_edge 18 5 Linear 1111.909075
      p3d_edge 18 6 Linear 991.910400
      p3d_edge 18 7 Linear 1133.987943
      p3d_edge 18 15 Linear 590.239666
      p3d_edge 18 16 Linear 614.815125
      p3d_edge 18 17 Linear 309.721349
      p3d_edge 18 19 Linear 630.848420
      p3d_edge 18 20 Linear 620.465432
      p3d_edge 18 28 Linear 1006.675834
      p3d_edge 18 29 Linear 872.319142
      p3d_edge 18 30 Linear 768.350398
      p3d_edge 18 31 Linear 1031.010718
  p3d_end_node 

  p3d_node 17 
    n_fail_extend 0
    weight 0.000000
    p3d_q 0.000000  0.000000  0.000000  0.000000  0.000000  0.000000  59.766708  -78.794574  78.794574  0.000000  1.162159  -33.341916  39.746027  -24.367601  133.802470  7.735164  117.586890  -26.231636  55.305072  129.793225  -21.640488  -30.492894  80.928041  -80.603838  79.352695  118.355550 
    p3d_neighb 12  5  6  7  15  16  18  19  20  28  29  30  31 
    p3d_nedge 12 
      p3d_edge 17 5 Linear 1218.191693
      p3d_edge 17 6 Linear 1109.745670
      p3d_edge 17 7 Linear 1238.377110
      p3d_edge 17 15 Linear 502.449549
      p3d_edge 17 16 Linear 526.777624
      p3d_edge 17 18 Linear 309.721349
      p3d_edge 17 19 Linear 549.583856
      p3d_edge 17 20 Linear 577.997717
      p3d_edge 17 28 Linear 1129.615563
      p3d_edge 17 29 Linear 1011.719215
      p3d_edge 17 30 Linear 828.426007
      p3d_edge 17 31 Linear 1151.354934
  p3d_end_node 

  p3d_node 16 
    n_fail_extend 0
    weight 0.000000
    p3d_q 0.000000  0.000000  0.000000  0.000000  0.000000  0.000000  69.891649  -70.254330  70.254330  0.000000  -26.652953  -4.093090  39.746027  -24.367601  133.802470  7.735164  117.586890  -26.231636  55.305072  71.786110  -0.934259  61.437733  91.322493  -140.059671  65.677080  41.766572 
    p3d_neighb 12  4  5  6  13  14  15  17  18  26  28  29  30 
    p3d_nedge 12 
      p3d_edge 16 4 Linear 1424.848306
      p3d_edge 16 5 Linear 1054.610400
      p3d_edge 16 6 Linear 1168.186049
      p3d_edge 16 13 Linear 971.096656
      p3d_edge 16 14 Linear 1008.109332
      p3d_edge 16 15 Linear 158.237529
      p3d_edge 16 17 Linear 526.777624
      p3d_edge 16 18 Linear 614.815125
      p3d_edge 16 26 Linear 1382.416883
      p3d_edge 16 28 Linear 996.537424
      p3d_edge 16 29 Linear 1116.038703
      p3d_edge 16 30 Linear 984.052830
  p3d_end_node 

  p3d_node 15 
    n_fail_extend 0
    weight 0.000000
    p3d_q 0.000000  0.000000  0.000000  0.000000  0.000000  0.000000  59.766708  -78.794574  78.794574  0.000000  1.162159  -33.341916  39.746027  -24.367601  133.802470  7.735164  117.586890  -26.231636  55.305072  71.786110  -0.934259  61.437733  91.322493  -140.059671  65.677080  41.766572 
    p3d_neighb 12  4  5  6  13  14  16  17  18  26  28  29  30 
    p3d_nedge 12 
      p3d_edge 15 4 Linear 1466.125865
      p3d_edge 15 5 Linear 1109.745670
      p3d_edge 15 6 Linear 1218.191693
      p3d_edge 15 13 Linear 958.117738
      p3d_edge 15 14 Linear 977.693675
      p3d_edge 15 16 Linear 158.237529
      p3d_edge 15 17 Linear 502.449549
      p3d_edge 15 18 Linear 590.239666
      p3d_edge 15 26 Linear 1393.400650
      p3d_edge 15 28 Linear 1011.719215
      p3d_edge 15 29 Linear 1129.615563
      p3d_edge 15 30 Linear 968.888641
  p3d_end_node 

  p3d_node 14 
    n_fail_extend 0
    weight 0.000000
    p3d_q 0.000000  0.000000  0.000000  0.000000  0.000000  0.000000  59.707579  -70.484694  73.031779  -2.547085  31.721067  -75.764704  39.746027  -24.367601  133.802470  7.735164  117.586890  -26.231636  55.305072  -64.333676  -60.054518  16.526980  -94.989879  -56.472392  59.398692  92.818743 
    p3d_neighb 12  3  4  5  11  12  13  15  16  24  25  26  28 
    p3d_nedge 12 
      p3d_edge 14 3 Linear 1227.027411
      p3d_edge 14 4 Linear 1101.108678
      p3d_edge 14 5 Linear 1459.599233
      p3d_edge 14 11 Linear 575.370550
      p3d_edge 14 12 Linear 643.103389
      p3d_edge 14 13 Linear 194.667208
      p3d_edge 14 15 Linear 977.693675
      p3d_edge 14 16 Linear 1008.109332
      p3d_edge 14 24 Linear 1130.550435
      p3d_edge 14 25 Linear 1001.970211
      p3d_edge 14 26 Linear 992.465787
      p3d_edge 14 28 Linear 1379.484664
  p3d_end_node 

  p3d_node 13 
    n_fail_extend 0
    weight 0.000000
    p3d_q 0.000000  0.000000  0.000000  0.000000  0.000000  0.000000  59.766708  -78.794574  78.794574  0.000000  1.162159  -33.341916  39.746027  -24.367601  133.802470  7.735164  117.586890  -26.231636  55.305072  -64.333676  -60.054518  16.526980  -94.989879  -56.472392  59.398692  92.818743 
    p3d_neighb 11  3  4  5  11  12  14  15  16  24  26  28 
    p3d_nedge 11 
      p3d_edge 13 3 Linear 1234.783948
      p3d_edge 13 4 Linear 1109.745670
      p3d_edge 13 5 Linear 1466.125865
      p3d_edge 13 11 Linear 541.438775
      p3d_edge 13 12 Linear 613.762372
      p3d_edge 13 14 Linear 194.667208
      p3d_edge 13 15 Linear 958.117738
      p3d_edge 13 16 Linear 971.096656
      p3d_edge 13 24 Linear 1147.489310
      p3d_edge 13 26 Linear 1011.719215
      p3d_edge 13 28 Linear 1393.400650
  p3d_end_node 

  p3d_node 12 
    n_fail_extend 0
    weight 0.000000
    p3d_q 0.000000  0.000000  0.000000  0.000000  0.000000  0.000000  -4.874090  -66.113642  91.302265  -25.188624  -54.290170  -38.578368  39.746027  -24.367601  133.802470  7.735164  117.586890  -26.231636  55.305072  -54.943835  -25.615277  -44.964939  -51.597069  34.386450  -33.733994  22.268647 
    p3d_neighb 11  2  3  4  10  11  13  14  23  24  25  26 
    p3d_nedge 11 
      p3d_edge 12 2 Linear 1528.637706
      p3d_edge 12 3 Linear 1102.619678
      p3d_edge 12 4 Linear 1228.383532
      p3d_edge 12 10 Linear 1097.502339
      p3d_edge 12 11 Linear 289.047230
      p3d_edge 12 13 Linear 613.762372
      p3d_edge 12 14 Linear 643.103389
      p3d_edge 12 23 Linear 1420.455117
      p3d_edge 12 24 Linear 946.958107
      p3d_edge 12 25 Linear 768.350398
      p3d_edge 12 26 Linear 1090.818777
  p3d_end_node 

  p3d_node 11 
    n_fail_extend 0
    weight 0.000000
    p3d_q 0.000000  0.000000  0.000000  0.000000  0.000000  0.000000  59.766708  -78.794574  78.794574  0.000000  1.162159  -33.341916  39.746027  -24.367601  133.802470  7.735164  117.586890  -26.231636  55.305072  -54.943835  -25.615277  -44.964939  -51.597069  34.386450  -33.733994  22.268647 
    p3d_neighb 10  2  3  4  10  12  13  14  23  24  26 
    p3d_nedge 10 
      p3d_edge 11 2 Linear 1533.785687
      p3d_edge 11 3 Linear 1109.745670
      p3d_edge 11 4 Linear 1234.783948
      p3d_edge 11 10 Linear 1058.755440
      p3d_edge 11 12 Linear 289.047230
      p3d_edge 11 13 Linear 541.438775
      p3d_edge 11 14 Linear 575.370550
      p3d_edge 11 23 Linear 1464.424410
      p3d_edge 11 24 Linear 1011.719215
      p3d_edge 11 26 Linear 1147.489310
  p3d_end_node 

  p3d_node 10 
    n_fail_extend 0
    weight 0.000000
    p3d_q 0.000000  0.000000  0.000000  0.000000  0.000000  0.000000  59.766708  -78.794574  78.794574  0.000000  1.162159  -33.341916  39.746027  -24.367601  133.802470  7.735164  117.586890  -26.231636  55.305072  132.621267  -1.815674  159.190379  -38.493896  98.714530  59.441775  123.952084 
    p3d_neighb 10  1  2  3  8  9  11  12  22  23  24 
    p3d_nedge 10 
      p3d_edge 10 1 Linear 1501.596298
      p3d_edge 10 2 Linear 1109.745670
      p3d_edge 10 3 Linear 1533.785687
      p3d_edge 10 8 Linear 1011.561166
      p3d_edge 10 9 Linear 1298.162635
      p3d_edge 10 11 Linear 1058.755440
      p3d_edge 10 12 Linear 1097.502339
      p3d_edge 10 22 Linear 1508.505407
      p3d_edge 10 23 Linear 1011.719215
      p3d_edge 10 24 Linear 1464.424410
  p3d_end_node 

  p3d_node 9 
    n_fail_extend 0
    weight 0.000000
    p3d_q 0.000000  0.000000  0.000000  0.000000  0.000000  0.000000  0.000000  0.000000  0.000000  0.000000  0.000000  0.000000  39.746027  -24.367601  133.802470  7.735164  117.586890  -26.231636  55.305072  30.088488  -84.955750  -11.701082  70.796455  36.774834  0.000000  0.000000 
    p3d_neighb 5  1  2  10  22  23 
    p3d_nedge 5 
      p3d_edge 9 1 Linear 754.695446
      p3d_edge 9 2 Linear 1262.070207
      p3d_edge 9 10 Linear 1298.162635
      p3d_edge 9 22 Linear 768.350398
      p3d_edge 9 23 Linear 1318.043594
  p3d_end_node 

  p3d_node 8 
    n_fail_extend 0
    weight 0.000000
    p3d_q 0.000000  0.000000  0.000000  0.000000  0.000000  0.000000  59.766708  -78.794574  78.794574  0.000000  1.162159  -33.341916  39.746027  -24.367601  133.802470  7.735164  117.586890  -26.231636  55.305072  30.088488  -84.955750  -11.701082  70.796455  36.774834  0.000000  0.000000 
    p3d_neighb 3  2  10  23 
    p3d_nedge 3 
      p3d_edge 8 2 Linear 1501.596298
      p3d_edge 8 10 Linear 1011.561166
      p3d_edge 8 23 Linear 1430.675282
  p3d_end_node 

  p3d_node 7 
    n_fail_extend 0
    weight 0.000000
    p3d_q 0.000000  0.000000  0.000000  0.000000  0.000000  0.000000  0.000000  0.000000  0.000000  0.000000  0.000000  0.000000  30.088488  -84.955750  -11.701082  70.796455  36.774834  -0.936577  0.752215  153.645655  -67.793652  -143.636669  113.259020  -104.874881  -0.027725  111.120842 
    p3d_neighb 6  6  17  18  19  20  21 
    p3d_nedge 6 
      p3d_edge 7 6 Linear 549.583856
      p3d_edge 7 17 Linear 1238.377110
      p3d_edge 7 18 Linear 1133.987943
      p3d_edge 7 19 Linear 1109.745670
      p3d_edge 7 20 Linear 1139.720747
      p3d_edge 7 21 Linear 887.466131
  p3d_end_node 

  p3d_node 6 
    n_fail_extend 0
    weight 0.000000
    p3d_q 0.000000  0.000000  0.000000  0.000000  0.000000  0.000000  0.000000  0.000000  0.000000  0.000000  0.000000  0.000000  30.088488  -84.955750  -11.701082  70.796455  36.774834  -0.936577  0.752215  129.793225  -21.640488  -30.492894  80.928041  -80.603838  79.352695  118.355550 
    p3d_neighb 8  5  7  15  16  17  18  19  20 
    p3d_nedge 8 
      p3d_edge 6 5 Linear 502.449549
      p3d_edge 6 7 Linear 549.583856
      p3d_edge 6 15 Linear 1218.191693
      p3d_edge 6 16 Linear 1168.186049
      p3d_edge 6 17 Linear 1109.745670
      p3d_edge 6 18 Linear 991.910400
      p3d_edge 6 19 Linear 1238.377110
      p3d_edge 6 20 Linear 1265.308577
  p3d_end_node 

  p3d_node 5 
    n_fail_extend 0
    weight 0.000000
    p3d_q 0.000000  0.000000  0.000000  0.000000  0.000000  0.000000  0.000000  0.000000  0.000000  0.000000  0.000000  0.000000  30.088488  -84.955750  -11.701082  70.796455  36.774834  -0.936577  0.752215  71.786110  -0.934259  61.437733  91.322493  -140.059671  65.677080  41.766572 
    p3d_neighb 8  4  6  13  14  15  16  17  18 
    p3d_nedge 8 
      p3d_edge 5 4 Linear 958.117738
      p3d_edge 5 6 Linear 502.449549
      p3d_edge 5 13 Linear 1466.125865
      p3d_edge 5 14 Linear 1459.599233
      p3d_edge 5 15 Linear 1109.745670
      p3d_edge 5 16 Linear 1054.610400
      p3d_edge 5 17 Linear 1218.191693
      p3d_edge 5 18 Linear 1111.909075
  p3d_end_node 

  p3d_node 4 
    n_fail_extend 0
    weight 0.000000
    p3d_q 0.000000  0.000000  0.000000  0.000000  0.000000  0.000000  0.000000  0.000000  0.000000  0.000000  0.000000  0.000000  30.088488  -84.955750  -11.701082  70.796455  36.774834  -0.936577  0.752215  -64.333676  -60.054518  16.526980  -94.989879  -56.472392  59.398692  92.818743 
    p3d_neighb 8  3  5  11  12  13  14  15  16 
    p3d_nedge 8 
      p3d_edge 4 3 Linear 541.438775
      p3d_edge 4 5 Linear 958.117738
      p3d_edge 4 11 Linear 1234.783948
      p3d_edge 4 12 Linear 1228.383532
      p3d_edge 4 13 Linear 1109.745670
      p3d_edge 4 14 Linear 1101.108678
      p3d_edge 4 15 Linear 1466.125865
      p3d_edge 4 16 Linear 1424.848306
  p3d_end_node 

  p3d_node 3 
    n_fail_extend 0
    weight 0.000000
    p3d_q 0.000000  0.000000  0.000000  0.000000  0.000000  0.000000  0.000000  0.000000  0.000000  0.000000  0.000000  0.000000  30.088488  -84.955750  -11.701082  70.796455  36.774834  -0.936577  0.752215  -54.943835  -25.615277  -44.964939  -51.597069  34.386450  -33.733994  22.268647 
    p3d_neighb 7  2  4  10  11  12  13  14 
    p3d_nedge 7 
      p3d_edge 3 2 Linear 1058.755440
      p3d_edge 3 4 Linear 541.438775
      p3d_edge 3 10 Linear 1533.785687
      p3d_edge 3 11 Linear 1109.745670
      p3d_edge 3 12 Linear 1102.619678
      p3d_edge 3 13 Linear 1234.783948
      p3d_edge 3 14 Linear 1227.027411
  p3d_end_node 

  p3d_node 2 
    n_fail_extend 0
    weight 0.000000
    p3d_q 0.000000  0.000000  0.000000  0.000000  0.000000  0.000000  0.000000  0.000000  0.000000  0.000000  0.000000  0.000000  30.088488  -84.955750  -11.701082  70.796455  36.774834  -0.936577  0.752215  132.621267  -1.815674  159.190379  -38.493896  98.714530  59.441775  123.952084 
    p3d_neighb 7  1  3  8  9  10  11  12 
    p3d_nedge 7 
      p3d_edge 2 1 Linear 1011.561166
      p3d_edge 2 3 Linear 1058.755440
      p3d_edge 2 8 Linear 1501.596298
      p3d_edge 2 9 Linear 1262.070207
      p3d_edge 2 10 Linear 1109.745670
      p3d_edge 2 11 Linear 1533.785687
      p3d_edge 2 12 Linear 1528.637706
  p3d_end_node 

  p3d_node 1 
    n_fail_extend 0
    weight 0.000000
    p3d_q 0.000000  0.000000  0.000000  0.000000  0.000000  0.000000  0.000000  0.000000  0.000000  0.000000  0.000000  0.000000  30.088488  -84.955750  -11.701082  70.796455  36.774834  -0.936577  0.752215  30.088488  -84.955750  -11.701082  70.796455  36.774834  0.000000  0.000000 
    p3d_neighb 3  2  9  10 
    p3d_nedge 3 
      p3d_edge 1 2 Linear 1011.561166
      p3d_edge 1 9 Linear 754.695446
      p3d_edge 1 10 Linear 1501.596298
  p3d_end_node 

p3d_end_comp 

