#************************************************************
# Scenario of env
#
# date : Mon Feb 10 18:02:27 2014
#************************************************************

p3d_sel_desc_name P3D_ENV env



p3d_sel_desc_name P3D_ROBOT kukaArm_ROBOT

p3d_set_robot_steering_method Linear

p3d_set_robot_current 0.000000 0.000000 0.000000 0.000000 0.000000 0.000000 -39.403497 -84.867613 92.048780 81.591663 94.783241 92.768769 42.395662
p3d_set_robot_goto 0.000000 0.000000 0.000000 0.000000 0.000000 0.000000 0.000000 0.000000 0.000000 0.000000 0.000000 0.000000 0.000000




p3d_sel_desc_name P3D_ROBOT SQUARE_MU_01

p3d_set_robot_steering_method Linear

p3d_set_robot_current 0.000000 0.000000 0.000000 0.000000 0.000000 0.000000 -0.597000 0.000000 0.769000 0.000000 0.000000 0.000000
p3d_set_robot_goto 0.000000 0.000000 0.000000 0.000000 0.000000 0.000000 0.000000 0.000000 0.000000 0.000000 0.000000 0.000000




p3d_sel_desc_name P3D_ROBOT SQUARE_MU_02

p3d_set_robot_steering_method Linear

p3d_set_robot_current 0.000000 0.000000 0.000000 0.000000 0.000000 0.000000 0.808000 -0.130000 0.470000 0.000000 0.000000 0.000000
p3d_set_robot_goto 0.000000 0.000000 0.000000 0.000000 0.000000 0.000000 0.000000 0.000000 0.000000 0.000000 0.000000 0.000000




p3d_sel_desc_name P3D_ROBOT SQUARE_MU_03

p3d_set_robot_steering_method Linear

p3d_set_robot_current 0.000000 0.000000 0.000000 0.000000 0.000000 0.000000 0.327000 -0.273000 0.869000 0.000000 0.000000 0.000000
p3d_set_robot_goto 0.000000 0.000000 0.000000 0.000000 0.000000 0.000000 0.000000 0.000000 0.000000 0.000000 0.000000 0.000000




p3d_set_camera_pos 0.039818 -0.071043 0.828630 2.355435 4.181310 0.333125 0.000000 0.000000 1.000000 0.000000

