#************************************************************
# Scenario of env
#
# date : Tue Feb 18 16:57:03 2014
#************************************************************

p3d_sel_desc_name P3D_ENV env



p3d_sel_desc_name P3D_ROBOT kukaArm_ROBOT

p3d_set_robot_steering_method Linear

p3d_set_robot_current 0.000000 0.000000 0.000000 0.000000 0.000000 0.000000 61.982000 -46.152000 92.048780 81.591663 94.783241 4.998000 42.395662
p3d_set_robot_goto 0.000000 0.000000 0.000000 0.000000 0.000000 0.000000 -69.938000 -120.000000 3.808000 43.584000 107.304000 -30.000000 13.974000




p3d_sel_desc_name P3D_ROBOT SPHERE_MU_01

p3d_set_robot_steering_method Linear

p3d_set_robot_current 0.000000 0.000000 0.000000 0.000000 0.000000 0.000000 -0.500000 -0.500000 0.750000 0.000000 0.000000 0.000000
p3d_set_robot_goto 0.000000 0.000000 0.000000 0.000000 0.000000 0.000000 0.000000 0.000000 0.000000 0.000000 0.000000 0.000000




p3d_sel_desc_name P3D_ROBOT SPHERE_MU_02

p3d_set_robot_steering_method Linear

p3d_set_robot_current 0.000000 0.000000 0.000000 0.000000 0.000000 0.000000 -0.500000 0.000000 0.750000 0.000000 0.000000 0.000000
p3d_set_robot_goto 0.000000 0.000000 0.000000 0.000000 0.000000 0.000000 0.000000 0.000000 0.000000 0.000000 0.000000 0.000000




p3d_sel_desc_name P3D_ROBOT SPHERE_MU_03

p3d_set_robot_steering_method Linear

p3d_set_robot_current 0.000000 0.000000 0.000000 0.000000 0.000000 0.000000 -0.500000 0.500000 0.750000 0.000000 0.000000 0.000000
p3d_set_robot_goto 0.000000 0.000000 0.000000 0.000000 0.000000 0.000000 0.000000 0.000000 0.000000 0.000000 0.000000 0.000000




p3d_sel_desc_name P3D_ROBOT SPHERE_MU_04

p3d_set_robot_steering_method Linear

p3d_set_robot_current 0.000000 0.000000 0.000000 0.000000 0.000000 0.000000 0.000000 -0.500000 0.750000 0.000000 0.000000 0.000000
p3d_set_robot_goto 0.000000 0.000000 0.000000 0.000000 0.000000 0.000000 0.000000 0.000000 0.000000 0.000000 0.000000 0.000000




p3d_sel_desc_name P3D_ROBOT SPHERE_MU_05

p3d_set_robot_steering_method Linear

p3d_set_robot_current 0.000000 0.000000 0.000000 0.000000 0.000000 0.000000 0.000000 0.000000 0.750000 0.000000 0.000000 0.000000
p3d_set_robot_goto 0.000000 0.000000 0.000000 0.000000 0.000000 0.000000 0.000000 0.000000 0.000000 0.000000 0.000000 0.000000




p3d_sel_desc_name P3D_ROBOT SPHERE_MU_06

p3d_set_robot_steering_method Linear

p3d_set_robot_current 0.000000 0.000000 0.000000 0.000000 0.000000 0.000000 0.000000 0.500000 0.750000 0.000000 0.000000 0.000000
p3d_set_robot_goto 0.000000 0.000000 0.000000 0.000000 0.000000 0.000000 0.000000 0.000000 0.000000 0.000000 0.000000 0.000000




p3d_sel_desc_name P3D_ROBOT SPHERE_MU_07

p3d_set_robot_steering_method Linear

p3d_set_robot_current 0.000000 0.000000 0.000000 0.000000 0.000000 0.000000 0.500000 -0.500000 0.750000 0.000000 0.000000 0.000000
p3d_set_robot_goto 0.000000 0.000000 0.000000 0.000000 0.000000 0.000000 0.000000 0.000000 0.000000 0.000000 0.000000 0.000000




p3d_sel_desc_name P3D_ROBOT SPHERE_MU_08

p3d_set_robot_steering_method Linear

p3d_set_robot_current 0.000000 0.000000 0.000000 0.000000 0.000000 0.000000 0.500000 0.000000 0.750000 0.000000 0.000000 0.000000
p3d_set_robot_goto 0.000000 0.000000 0.000000 0.000000 0.000000 0.000000 0.000000 0.000000 0.000000 0.000000 0.000000 0.000000




p3d_sel_desc_name P3D_ROBOT SPHERE_MU_09

p3d_set_robot_steering_method Linear

p3d_set_robot_current 0.000000 0.000000 0.000000 0.000000 0.000000 0.000000 0.500000 0.500000 0.750000 0.000000 0.000000 0.000000
p3d_set_robot_goto 0.000000 0.000000 0.000000 0.000000 0.000000 0.000000 0.000000 0.000000 0.000000 0.000000 0.000000 0.000000




p3d_sel_desc_name P3D_ROBOT SPHERE_MU_10

p3d_set_robot_steering_method Linear

p3d_set_robot_current 0.000000 0.000000 0.000000 0.000000 0.000000 0.000000 -0.500000 -0.500000 1.200000 0.000000 0.000000 0.000000
p3d_set_robot_goto 0.000000 0.000000 0.000000 0.000000 0.000000 0.000000 0.000000 0.000000 0.000000 0.000000 0.000000 0.000000




p3d_sel_desc_name P3D_ROBOT SPHERE_MU_11

p3d_set_robot_steering_method Linear

p3d_set_robot_current 0.000000 0.000000 0.000000 0.000000 0.000000 0.000000 -0.500000 0.000000 1.200000 0.000000 0.000000 0.000000
p3d_set_robot_goto 0.000000 0.000000 0.000000 0.000000 0.000000 0.000000 0.000000 0.000000 0.000000 0.000000 0.000000 0.000000




p3d_sel_desc_name P3D_ROBOT SPHERE_MU_12

p3d_set_robot_steering_method Linear

p3d_set_robot_current 0.000000 0.000000 0.000000 0.000000 0.000000 0.000000 -0.500000 0.500000 1.200000 0.000000 0.000000 0.000000
p3d_set_robot_goto 0.000000 0.000000 0.000000 0.000000 0.000000 0.000000 0.000000 0.000000 0.000000 0.000000 0.000000 0.000000




p3d_sel_desc_name P3D_ROBOT SPHERE_MU_13

p3d_set_robot_steering_method Linear

p3d_set_robot_current 0.000000 0.000000 0.000000 0.000000 0.000000 0.000000 0.000000 -0.500000 1.200000 0.000000 0.000000 0.000000
p3d_set_robot_goto 0.000000 0.000000 0.000000 0.000000 0.000000 0.000000 0.000000 0.000000 0.000000 0.000000 0.000000 0.000000




p3d_sel_desc_name P3D_ROBOT SPHERE_MU_14

p3d_set_robot_steering_method Linear

p3d_set_robot_current 0.000000 0.000000 0.000000 0.000000 0.000000 0.000000 0.000000 0.000000 1.200000 0.000000 0.000000 0.000000
p3d_set_robot_goto 0.000000 0.000000 0.000000 0.000000 0.000000 0.000000 0.000000 0.000000 0.000000 0.000000 0.000000 0.000000




p3d_sel_desc_name P3D_ROBOT SPHERE_MU_15

p3d_set_robot_steering_method Linear

p3d_set_robot_current 0.000000 0.000000 0.000000 0.000000 0.000000 0.000000 0.000000 0.500000 1.200000 0.000000 0.000000 0.000000
p3d_set_robot_goto 0.000000 0.000000 0.000000 0.000000 0.000000 0.000000 0.000000 0.000000 0.000000 0.000000 0.000000 0.000000




p3d_sel_desc_name P3D_ROBOT SPHERE_MU_16

p3d_set_robot_steering_method Linear

p3d_set_robot_current 0.000000 0.000000 0.000000 0.000000 0.000000 0.000000 0.500000 -0.500000 1.200000 0.000000 0.000000 0.000000
p3d_set_robot_goto 0.000000 0.000000 0.000000 0.000000 0.000000 0.000000 0.000000 0.000000 0.000000 0.000000 0.000000 0.000000




p3d_sel_desc_name P3D_ROBOT SPHERE_MU_17

p3d_set_robot_steering_method Linear

p3d_set_robot_current 0.000000 0.000000 0.000000 0.000000 0.000000 0.000000 0.500000 0.000000 1.200000 0.000000 0.000000 0.000000
p3d_set_robot_goto 0.000000 0.000000 0.000000 0.000000 0.000000 0.000000 0.000000 0.000000 0.000000 0.000000 0.000000 0.000000




p3d_sel_desc_name P3D_ROBOT SPHERE_MU_18

p3d_set_robot_steering_method Linear

p3d_set_robot_current 0.000000 0.000000 0.000000 0.000000 0.000000 0.000000 0.500000 0.500000 1.200000 0.000000 0.000000 0.000000
p3d_set_robot_goto 0.000000 0.000000 0.000000 0.000000 0.000000 0.000000 0.000000 0.000000 0.000000 0.000000 0.000000 0.000000




p3d_sel_desc_name P3D_ROBOT SPHERE_MU_19

p3d_set_robot_steering_method Linear

p3d_set_robot_current 0.000000 0.000000 0.000000 0.000000 0.000000 0.000000 -0.500000 -0.500000 1.650000 0.000000 0.000000 0.000000
p3d_set_robot_goto 0.000000 0.000000 0.000000 0.000000 0.000000 0.000000 0.000000 0.000000 0.000000 0.000000 0.000000 0.000000




p3d_sel_desc_name P3D_ROBOT SPHERE_MU_20

p3d_set_robot_steering_method Linear

p3d_set_robot_current 0.000000 0.000000 0.000000 0.000000 0.000000 0.000000 -0.500000 0.000000 1.650000 0.000000 0.000000 0.000000
p3d_set_robot_goto 0.000000 0.000000 0.000000 0.000000 0.000000 0.000000 0.000000 0.000000 0.000000 0.000000 0.000000 0.000000




p3d_sel_desc_name P3D_ROBOT SPHERE_MU_21

p3d_set_robot_steering_method Linear

p3d_set_robot_current 0.000000 0.000000 0.000000 0.000000 0.000000 0.000000 -0.500000 0.500000 1.650000 0.000000 0.000000 0.000000
p3d_set_robot_goto 0.000000 0.000000 0.000000 0.000000 0.000000 0.000000 0.000000 0.000000 0.000000 0.000000 0.000000 0.000000




p3d_sel_desc_name P3D_ROBOT SPHERE_MU_22

p3d_set_robot_steering_method Linear

p3d_set_robot_current 0.000000 0.000000 0.000000 0.000000 0.000000 0.000000 0.000000 -0.500000 1.650000 0.000000 0.000000 0.000000
p3d_set_robot_goto 0.000000 0.000000 0.000000 0.000000 0.000000 0.000000 0.000000 0.000000 0.000000 0.000000 0.000000 0.000000




p3d_sel_desc_name P3D_ROBOT SPHERE_MU_23

p3d_set_robot_steering_method Linear

p3d_set_robot_current 0.000000 0.000000 0.000000 0.000000 0.000000 0.000000 0.000000 0.000000 1.650000 0.000000 0.000000 0.000000
p3d_set_robot_goto 0.000000 0.000000 0.000000 0.000000 0.000000 0.000000 0.000000 0.000000 0.000000 0.000000 0.000000 0.000000




p3d_sel_desc_name P3D_ROBOT SPHERE_MU_24

p3d_set_robot_steering_method Linear

p3d_set_robot_current 0.000000 0.000000 0.000000 0.000000 0.000000 0.000000 0.000000 0.500000 1.650000 0.000000 0.000000 0.000000
p3d_set_robot_goto 0.000000 0.000000 0.000000 0.000000 0.000000 0.000000 0.000000 0.000000 0.000000 0.000000 0.000000 0.000000




p3d_sel_desc_name P3D_ROBOT SPHERE_MU_25

p3d_set_robot_steering_method Linear

p3d_set_robot_current 0.000000 0.000000 0.000000 0.000000 0.000000 0.000000 0.500000 -0.500000 1.650000 0.000000 0.000000 0.000000
p3d_set_robot_goto 0.000000 0.000000 0.000000 0.000000 0.000000 0.000000 0.000000 0.000000 0.000000 0.000000 0.000000 0.000000




p3d_sel_desc_name P3D_ROBOT SPHERE_MU_26

p3d_set_robot_steering_method Linear

p3d_set_robot_current 0.000000 0.000000 0.000000 0.000000 0.000000 0.000000 0.500000 0.000000 1.650000 0.000000 0.000000 0.000000
p3d_set_robot_goto 0.000000 0.000000 0.000000 0.000000 0.000000 0.000000 0.000000 0.000000 0.000000 0.000000 0.000000 0.000000




p3d_sel_desc_name P3D_ROBOT SPHERE_MU_27

p3d_set_robot_steering_method Linear

p3d_set_robot_current 0.000000 0.000000 0.000000 0.000000 0.000000 0.000000 0.500000 0.500000 1.650000 0.000000 0.000000 0.000000
p3d_set_robot_goto 0.000000 0.000000 0.000000 0.000000 0.000000 0.000000 0.000000 0.000000 0.000000 0.000000 0.000000 0.000000




p3d_set_camera_pos -0.039682 -0.003762 1.087026 2.778058 4.552560 0.507500 0.000000 0.000000 1.000000 0.000000

