#************************************************************
# Scenario of env
#
# date : Tue Feb 18 13:04:04 2014
#************************************************************

p3d_sel_desc_name P3D_ENV env



p3d_sel_desc_name P3D_ROBOT kukaArm_ROBOT

p3d_set_robot_steering_method Linear

p3d_set_robot_current 0.000000 0.000000 0.000000 0.000000 0.000000 0.000000 -31.280000 -46.152000 92.048780 81.591663 94.783241 4.998000 42.395662
p3d_set_robot_goto 0.000000 0.000000 0.000000 0.000000 0.000000 0.000000 -151.946000 -120.000000 3.808000 43.584000 107.304000 -30.000000 13.974000




p3d_sel_desc_name P3D_ROBOT SPHERE_MU_01

p3d_set_robot_steering_method Linear

p3d_set_robot_current 0.000000 0.000000 0.000000 0.000000 0.000000 0.000000 0.094000 -0.689000 1.005000 0.000000 0.000000 0.000000
p3d_set_robot_goto 0.000000 0.000000 0.000000 0.000000 0.000000 0.000000 0.000000 0.000000 0.000000 0.000000 0.000000 0.000000




p3d_sel_desc_name P3D_ROBOT SPHERE_MU_02

p3d_set_robot_steering_method Linear

p3d_set_robot_current 0.000000 0.000000 0.000000 0.000000 0.000000 0.000000 -0.699000 -0.317000 1.121000 0.000000 0.000000 0.000000
p3d_set_robot_goto 0.000000 0.000000 0.000000 0.000000 0.000000 0.000000 0.000000 0.000000 0.000000 0.000000 0.000000 0.000000




p3d_sel_desc_name P3D_ROBOT SPHERE_MU_03

p3d_set_robot_steering_method Linear

p3d_set_robot_current 0.000000 0.000000 0.000000 0.000000 0.000000 0.000000 0.307000 0.051000 1.124000 0.000000 0.000000 0.000000
p3d_set_robot_goto 0.000000 0.000000 0.000000 0.000000 0.000000 0.000000 0.000000 0.000000 0.000000 0.000000 0.000000 0.000000




p3d_set_camera_pos -0.066513 -0.192543 1.142993 2.311691 3.090060 1.118750 0.000000 0.000000 1.000000 0.000000

