#************************************************************
# Scenario of JidoRef
#
# date : Thu Oct 14 17:51:52 2010
#************************************************************

p3d_sel_desc_name P3D_ENV JidoRef



p3d_sel_desc_name P3D_ROBOT HUMAN_ACHILE

p3d_set_robot_steering_method Linear

p3d_set_robot_current 0.000000 0.000000 0.000000 0.000000 0.000000 0.000000 1.420000 0.850000 1.030000 0.000000 0.000000 -102.560000 0.000000 0.000000 0.000000 0.000000 0.000000 0.000000 60.380000 16.450000 28.550000 35.380000 4.840000 -65.810000 0.000000 -90.000000 -23.550000 -13.870000 -45.160000 0.000000 -47.410000 0.000000 0.000000 -3.400010 0.000000 7.522703 0.000000 -4.122692 0.000000 0.000000 -3.400010 0.000000 7.522703 0.000000 -4.122692 0.000000 0.000000 0.000000 0.000000 0.000000 0.000000 0.000000 0.000000 0.000000 0.000000 0.000000 0.000000 0.000000 0.000000 0.000000 0.000000
p3d_set_robot_goto 0.000000 0.000000 0.000000 0.000000 0.000000 0.000000 1.380000 1.110000 1.010000 0.000000 0.000000 -72.790000 0.000000 0.000000 0.000000 0.000000 0.000000 0.000000 81.560000 0.000000 0.000000 0.000000 0.000000 0.000000 0.000000 -77.330000 -1.200000 -8.010000 0.000000 0.000000 0.000000 0.000000 0.000000 -8.841214 0.000000 19.740295 0.000000 -10.899081 0.000000 0.000000 -8.841214 0.000000 19.740295 0.000000 -10.899081 0.000000 0.000000 0.000000 0.000000 0.000000 0.000000 0.000000 0.000000 0.000000 0.000000 0.000000 0.000000 0.000000 0.000000 0.000000 0.000000




p3d_sel_desc_name P3D_ROBOT legLamp

p3d_set_robot_steering_method Linear

p3d_set_robot_current 0.000000 0.000000 0.000000 0.000000 0.000000 0.000000 1.120000 0.110000 0.000000 0.000000 0.000000 0.000000
p3d_set_robot_goto 0.000000 0.000000 0.000000 0.000000 0.000000 0.000000 1.426829 0.219512 0.000000 0.000000 0.000000 0.000000




p3d_sel_desc_name P3D_ROBOT trashbin

p3d_set_robot_steering_method Linear

p3d_set_robot_current 0.000000 0.000000 0.000000 0.000000 0.000000 0.000000 0.665192 0.218781 0.000000 0.000000 0.000000 0.000000
p3d_set_robot_goto 0.000000 0.000000 0.000000 0.000000 0.000000 0.000000 0.000000 0.000000 0.000000 0.000000 0.000000 0.000000




p3d_sel_desc_name P3D_ROBOT horse

p3d_set_robot_steering_method Linear

p3d_set_robot_current 0.000000 0.000000 0.000000 0.000000 0.000000 0.000000 0.665192 0.287611 0.921337 -1.769915 0.000000 17.699125
p3d_set_robot_goto 0.000000 0.000000 0.000000 0.000000 0.000000 0.000000 0.000000 0.000000 0.000000 0.000000 0.000000 0.000000




p3d_sel_desc_name P3D_ROBOT ROBOT_JIDO

p3d_set_robot_steering_method R&S+linear
p3d_set_robot_radius 0.300000

p3d_set_robot_current 0.000000 0.000000 0.000000 0.000000 0.000000 0.000000 1.340000 -0.500000 0.000000 0.000000 0.000000 107.460000 0.000000 0.000000 123.642954 -91.993071 8.940000 64.160409 86.691312 68.407447 -118.374647 0.000000 0.000000 0.000000 0.000000 0.750000 0.160000 1.050000 20.300000 20.300000 -124.520000
p3d_set_robot_goto 0.000000 0.000000 0.000000 0.000000 0.000000 0.000000 1.340000 -0.500000 0.000000 0.000000 0.000000 107.460000 0.000000 0.000000 62.826246 25.551587 32.640000 99.763163 -108.149072 25.561395 -27.550320 0.000000 0.000000 0.000000 0.000000 1.690000 0.320000 1.180000 115.630000 -5.980000 -96.550000


p3d_constraint p3d_lin_rel_dofs 1 14 1 13 2 1.000000 0.000000 0
p3d_constraint p3d_lwr_arm_ik 6 5 6 8 9 10 11 1 19 0 2 7 1
p3d_set_cntrt_Tatt 1 0.501086 0.865386 -0.004458 0.009186 0.790821 -0.459990 -0.403745 0.117847 -0.351446 0.198785 -0.914861 0.303550
p3d_constraint p3d_fixed_jnt 1 1 0 6 1.340000 -0.500000 0.000000 0.000000 0.000000 107.460000 0
p3d_constraint p3d_fixed_jnt 1 2 0 1 0.000000 0
p3d_constraint p3d_fixed_jnt 1 3 0 1 0.000000 0
p3d_constraint p3d_fixed_jnt 1 12 0 1 0.000000 0
p3d_constraint p3d_fixed_jnt 1 13 0 1 0.000000 0
p3d_constraint p3d_fixed_jnt 1 14 0 1 0.000000 0
p3d_constraint p3d_fixed_jnt 1 15 0 1 0.000000 0
p3d_constraint p3d_fix_jnts_relpos 1 19 1 11 0 0
p3d_set_cntrt_Tatt 9 0.501885 0.790152 -0.351811 0.009331 0.864914 -0.461270 0.197874 -0.013359 -0.005929 -0.403596 -0.914918 0.325091
p3d_set_object_base_and_arm_constraints 19 1 0 1 1


p3d_set_camera_pos 1.289945 0.253168 1.007778 1.917541 3.660060 0.655625 0.000000 0.000000 1.000000 0.000000

