#************************************************************
# Scenario of JustinScenario
#
# date : Thu Sep  2 18:41:20 2010
#************************************************************

p3d_sel_desc_name P3D_ENV JustinScenario



p3d_sel_desc_name P3D_ROBOT justin

p3d_set_robot_steering_method Linear

p3d_set_robot_current 0.000000 0.000000 0.000000 0.000000 0.000000 0.000000 -0.505299 -1.104878 36.682826 -8.975610 -3.658537 55.975610 -52.317073 -27.361192 10.000000 4.055072 -52.571592 -30.682927 76.737496 57.741458 13.552707 3.208805 47.215272 -89.195689 -68.621060 77.310228 79.772225 8.143639 -39.371092 0.502439 -0.958049 0.792683 0.000000 0.000000 18.439024
p3d_set_robot_goto 0.000000 0.000000 0.000000 0.000000 0.000000 0.000000 -0.505299 -1.104878 36.682826 -140.000000 -3.658537 55.975610 -52.317073 -27.361192 10.000000 46.101768 -64.825882 -65.512195 61.329821 69.346878 13.419508 3.098196 64.432448 -63.462428 -105.317073 91.358783 114.614712 -27.438756 -38.920102 -0.788293 -2.125854 0.812195 0.000000 0.000000 -92.195122
p3d_set_robot_config config_2 0.000000 0.000000 0.000000 0.000000 0.000000 0.000000 -0.505299 -1.104878 36.682826 -140.000000 -3.658537 55.975610 -52.317073 -27.361192 10.000000 46.101768 -64.825882 -65.512195 61.329821 69.346878 13.419508 3.098196 64.432448 -63.462428 -105.317073 91.358783 114.614712 -27.438756 -38.920102 -0.788293 -2.125854 0.812195 0.000000 0.000000 -92.195122
p3d_set_robot_config config_1 0.000000 0.000000 0.000000 0.000000 0.000000 0.000000 -0.505299 -1.104878 36.682826 -8.975610 -3.658537 55.975610 -52.317073 -27.361192 10.000000 4.055072 -52.571592 -30.682927 76.737496 57.741458 13.552707 3.208805 47.215272 -89.195689 -68.621060 77.310228 79.772225 8.143639 -39.371092 0.502439 -0.958049 0.792683 0.000000 0.000000 18.439024


p3d_constraint p3d_min_max_dofs 0 2 4 3 2 0.000000 135.000000 0
p3d_constraint p3d_lin_rel_dofs 1 5 2 3 4 3 -1.000000 -1.000000 0.000000 0
p3d_constraint p3d_kuka_arm_ik 6 10 11 13 14 15 16 1 29 0 3 12 1 3
p3d_set_cntrt_Tatt 2 0.322710 0.713650 0.621737 -0.243043 -0.931595 0.123401 0.341898 -0.326559 0.167273 -0.689541 0.704660 0.317213
p3d_constraint p3d_kuka_arm_ik 6 18 19 21 22 23 24 1 29 0 3 20 -1 1
p3d_set_cntrt_Tatt 3 0.220075 0.778773 -0.587429 -0.262964 0.975248 -0.162566 0.149848 0.371651 0.021201 -0.605868 -0.795279 0.289185
p3d_constraint p3d_head_object_track 2 7 8 1 29 0 0
p3d_set_object_base_and_arm_constraints 29 1 0 2 2 3


p3d_set_camera_pos -0.701669 -1.237514 0.520898 2.910000 4.599496 0.991250 0.000000 0.000000 1.000000 0.000000

